5051
5052
5053
5054
5055
5056
5057
5058
5059
5060
5061
5062
5063
5064
5065
5066
5067
5068
5069
5070
5071
5072
5073
5074
5075
5076
5077
5078
5079
5080
5081
5082
5083
5084
5085
5086
5087
5088
5089
5090
5091
5092
5093
5094
5095
5096
5097
5098
5099
5100
5101
5102
5103
5104
5105
5106
5107
5108
5109
5110
5111
5112
5113
5114
5115
5116
5117
5118
5119
5120
5121
5122
5123
5124
5125
5126
5127
5128
5129
5130
5131
5132
5133
5134
5135
5136
5137
5138
5139
5140
5141
5142
5143
5144
5145
5146
5147
5148
5149
5150
5151
5152
5153
5154
5155
5156
5157
5158
5159
5160
5161
5162
5163
5164
5165
5166
5167
5168
5169
5170
5171
5172
5173
5174
5175
5176
5177
5178
5179
5180
5181
5182
5183
5184
5185
5186
5187
5188
5189
5190
5191
5192
5193
5194
5195
5196
5197
5198
5199
5200
5201
5202
5203
5204
5205
5206
5207
5208
5209
5210
5211
5212
5213
5214
5215
5216
5217
5218
5219
5220
5221
5222
5223
5224
5225
5226
5227
5228
5229
5230
5231
5232
5233
5234
5235
5236
5237
5238
5239
5240
5241
5242
5243
5244
5245
5246
5247
5248
5249
5250
5251
5252
5253
5254
5255
5256
5257
5258
5259
5260
5261
5262
5263
5264
5265
5266
5267
5268
5269
5270
5271
5272
5273
5274
5275
5276
5277
5278
5279
5280
5281
5282
5283
5284
5285
5286
5287
5288
5289
5290
5291
5292
5293
5294
5295
5296
5297
5298
5299
5300
5301
5302
5303
5304
5305
5306
5307
5308
5309
5310
5311
5312
5313
5314
5315
5316
5317
5318
5319
5320
5321
5322
5323
5324
5325
5326
5327
5328
5329
5330
5331
5332
5333
5334
5335
5336
5337
5338
5339
5340
5341
5342
5343
5344
5345
5346
5347
5348
5349
5350
5351
5352
5353
5354
5355
5356
5357
5358
5359
5360
5361
5362
5363
5364
5365
5366
5367
5368
5369
5370
5371
5372
5373
5374
5375
5376
5377
5378
5379
5380
5381
5382
5383
5384
5385
5386
5387
5388
5389
5390
5391
5392
5393
5394
5395
5396
5397
5398
5399
5400
5401
5402
5403
5404
5405
5406
5407
5408
5409
5410
5411
5412
5413
5414
5415
5416
5417
5418
5419
5420
5421
5422
5423
5424
5425
5426
5427
5428
5429
5430
5431
5432
5433
5434
5435
5436
5437
5438
5439
5440
5441
5442
5443
5444
5445
5446
5447
5448
5449
5450
5451
5452
5453
5454
5455
5456
5457
5458
5459
5460
5461
5462
5463
5464
5465
5466
5467
5468
5469
5470
5471
5472
5473
5474
5475
5476
5477
5478
5479
5480
5481
5482
5483
5484
5485
5486
5487
5488
5489
5490
5491
5492
5493
5494
5495
5496
5497
5498
5499
5500
5501
5502
5503
5504
5505
5506
5507
5508
5509
5510
5511
5512
5513
5514
5515
5516
5517
5518
5519
5520
5521
5522
5523
5524
5525
5526
5527
5528
5529
5530
5531
5532
5533
5534
5535
5536
5537
5538
5539
5540
5541
5542
5543
5544
5545
5546
5547
5548
5549
5550
5551
5552
5553
5554
5555
5556
5557
5558
5559
5560
5561
5562
5563
5564
5565
5566
5567
5568
5569
5570
5571
5572
5573
5574
5575
5576
5577
5578
5579
5580
5581
5582
5583
5584
5585
5586
5587
5588
5589
5590
5591
5592
5593
5594
5595
5596
5597
5598
5599
5600
5601
5602
5603
5604
5605
5606
5607
5608
5609
5610
5611
5612
5613
5614
5615
5616
5617
5618
5619
5620
5621
5622
5623
5624
5625
5626
5627
5628
5629
5630
5631
5632
5633
5634
5635
5636
5637
5638
5639
5640
5641
5642
5643
5644
5645
5646
5647
5648
5649
5650
5651
5652
5653
5654
5655
5656
5657
5658
5659
5660
5661
5662
5663
5664
5665
5666
5667
5668
5669
5670
5671
5672
5673
5674
5675
5676
5677
5678
5679
5680
5681
5682
5683
5684
5685
5686
5687
5688
5689
5690
5691
5692
5693
5694
5695
5696
5697
5698
5699
5700
5701
5702
5703
5704
5705
5706
5707
5708
5709
5710
5711
5712
5713
5714
5715
5716
5717
5718
5719
5720
5721
5722
5723
5724
5725
5726
5727
5728
5729
5730
5731
5732
5733
5734
5735
5736
5737
5738
5739
5740
5741
5742
5743
5744
5745
5746
5747
5748
5749
5750
5751
5752
5753
5754
5755
5756
5757
5758
5759
5760
5761
5762
5763
5764
5765
5766
5767
5768
5769
5770
5771
5772
5773
5774
5775
5776
5777
5778
5779
5780
5781
5782
5783
5784
5785
5786
5787
5788
5789
5790
5791
5792
5793
5794
5795
5796
5797
5798
5799
5800
5801
5802
5803
5804
5805
5806
5807
5808
5809
5810
5811
5812
5813
5814
5815
5816
5817
5818
5819
5820
5821
5822
5823
5824
5825
5826
5827
5828
5829
5830
5831
5832
5833
5834
5835
5836
5837
5838
5839
5840
5841
5842
5843
5844
5845
5846
5847
5848
5849
5850
5851
5852
5853
5854
5855
5856
5857
5858
5859
5860
5861
5862
5863
5864
5865
5866
5867
5868
5869
5870
5871
5872
5873
5874
5875
5876
5877
5878
5879
5880
5881
5882
5883
5884
5885
5886
5887
5888
5889
5890
5891
5892
5893
5894
5895
5896
5897
5898
5899
5900
5901
5902
5903
5904
5905
5906
5907
5908
5909
5910
5911
5912
5913
5914
5915
5916
5917
5918
5919
5920
5921
5922
5923
5924
5925
5926
5927
5928
5929
5930
5931
5932
5933
5934
5935
5936
5937
5938
5939
5940
5941
5942
5943
5944
5945
5946
5947
5948
5949
5950
5951
5952
5953
5954
5955
5956
5957
5958
5959
5960
5961
5962
5963
5964
5965
5966
5967
5968
5969
5970
5971
5972
5973
5974
5975
5976
5977
5978
5979
5980
5981
5982
5983
5984
5985
5986
5987
5988
5989
5990
5991
5992
5993
5994
5995
5996
5997
5998
5999
6000
6001
6002
6003
6004
6005
6006
6007
6008
6009
6010
6011
6012
6013
6014
6015
6016
6017
6018
6019
6020
6021
6022
6023
6024
6025
6026
6027
6028
6029
6030
6031
6032
6033
6034
6035
6036
6037
6038
6039
6040
6041
6042
6043
6044
6045
6046
6047
6048
6049
6050
6051
6052
6053
6054
6055
6056
6057
6058
6059
6060
6061
6062
6063
6064
6065
6066
6067
6068
6069
6070
6071
6072
6073
6074
6075
6076
6077
6078
6079
6080
6081
6082
6083
6084
6085
6086
6087
6088
6089
6090
6091
6092
6093
6094
6095
6096
6097
6098
6099
6100
6101
6102
6103
6104
6105
6106
6107
6108
6109
6110
6111
6112
6113
6114
6115
6116
6117
6118
6119
6120
6121
6122
6123
6124
6125
6126
6127
6128
6129
6130
6131
6132
6133
6134
6135
6136
6137
6138
6139
6140
6141
6142
6143
6144
6145
6146
6147
6148
6149
6150
6151
6152
6153
6154
6155
6156
6157
6158
6159
6160
6161
6162
6163
6164
6165
6166
6167
6168
6169
6170
6171
6172
6173
6174
6175
6176
6177
6178
6179
6180
6181
6182
6183
6184
6185
6186
6187
6188
6189
6190
6191
6192
6193
6194
6195
6196
6197
6198
6199
6200
6201
6202
6203
6204
6205
6206
6207
6208
6209
6210
6211
6212
6213
6214
6215
6216
6217
6218
6219
6220
6221
6222
6223
6224
6225
6226
6227
6228
6229
6230
6231
6232
6233
6234
6235
6236
6237
6238
6239
6240
6241
6242
6243
6244
6245
6246
6247
6248
6249
6250
6251
6252
6253
6254
6255
6256
6257
6258
6259
6260
6261
6262
6263
6264
6265
6266
6267
6268
6269
6270
6271
6272
6273
6274
6275
6276
6277
6278
6279
6280
6281
6282
6283
6284
6285
6286
6287
6288
6289
6290
6291
6292
6293
6294
6295
6296
6297
6298
6299
6300
6301
6302
6303
6304
6305
6306
6307
6308
6309
6310
6311
6312
6313
6314
6315
6316
6317
6318
6319
6320
6321
6322
6323
6324
6325
6326
6327
6328
6329
6330
6331
6332
6333
6334
6335
6336
6337
6338
6339
6340
6341
6342
6343
6344
6345
6346
6347
6348
6349
6350
6351
6352
6353
6354
6355
6356
6357
6358
6359
6360
6361
6362
6363
6364
6365
6366
6367
6368
6369
6370
6371
6372
6373
6374
6375
6376
6377
6378
6379
6380
6381
6382
6383
6384
6385
6386
6387
6388
6389
6390
6391
6392
6393
6394
6395
6396
6397
6398
6399
6400
6401
6402
6403
6404
6405
6406
6407
6408
6409
6410
6411
6412
6413
6414
6415
6416
6417
6418
6419
6420
6421
6422
6423
6424
6425
6426
6427
6428
6429
6430
6431
6432
6433
6434
6435
6436
6437
6438
6439
6440
6441
6442
6443
6444
6445
6446
6447
6448
6449
6450
6451
6452
6453
6454
6455
6456
6457
6458
6459
6460
6461
6462
6463
6464
6465
6466
6467
6468
6469
6470
6471
6472
6473
6474
6475
6476
6477
6478
6479
6480
6481
6482
6483
6484
6485
6486
6487
6488
6489
6490
6491
6492
6493
6494
6495
6496
6497
6498
6499
6500
6501
6502
6503
6504
6505
6506
6507
6508
6509
6510
6511
6512
6513
6514
6515
6516
6517
6518
6519
6520
6521
6522
6523
6524
6525
6526
6527
6528
6529
6530
6531
6532
6533
6534
6535
6536
6537
6538
6539
6540
6541
6542
6543
6544
6545
6546
6547
6548
6549
6550
6551
6552
6553
6554
6555
6556
6557
6558
6559
6560
6561
6562
6563
6564
6565
6566
6567
6568
6569
6570
6571
6572
6573
6574
6575
6576
6577
6578
6579
6580
6581
6582
6583
6584
6585
6586
6587
6588
6589
6590
6591
6592
6593
6594
6595
6596
6597
6598
6599
6600
6601
6602
6603
6604
6605
6606
6607
6608
6609
6610
6611
6612
6613
6614
6615
6616
6617
6618
6619
6620
6621
6622
6623
6624
6625
6626
6627
6628
6629
6630
6631
6632
6633
6634
6635
6636
6637
6638
6639
6640
6641
6642
6643
6644
6645
6646
6647
6648
6649
6650
6651
6652
6653
6654
6655
6656
6657
6658
6659
6660
6661
6662
6663
6664
6665
6666
6667
6668
6669
6670
6671
6672
6673
6674
6675
6676
6677
6678
6679
6680
6681
6682
6683
6684
6685
6686
6687
6688
6689
6690
6691
6692
6693
6694
6695
6696
6697
6698
6699
6700
6701
6702
6703
6704
6705
6706
6707
6708
6709
6710
6711
6712
6713
6714
6715
6716
6717
6718
6719
6720
6721
6722
6723
6724
6725
6726
6727
6728
6729
6730
6731
6732
6733
6734
6735
6736
6737
6738
6739
6740
6741
6742
6743
6744
6745
6746
6747
6748
6749
6750
6751
6752
6753
6754
6755
6756
6757
6758
6759
6760
6761
6762
6763
6764
6765
6766
6767
6768
6769
6770
6771
6772
6773
6774
6775
6776
6777
6778
6779
6780
6781
6782
6783
6784
6785
6786
6787
6788
6789
6790
6791
6792
6793
6794
6795
6796
6797
6798
6799
6800
6801
6802
6803
6804
6805
6806
6807
6808
6809
6810
6811
6812
6813
6814
6815
6816
6817
6818
6819
6820
6821
6822
6823
6824
6825
6826
6827
6828
6829
6830
6831
6832
6833
6834
6835
6836
6837
6838
6839
6840
6841
6842
6843
6844
6845
6846
6847
6848
6849
6850
6851
6852
6853
6854
6855
6856
6857
6858
6859
6860
6861
6862
6863
6864
6865
6866
6867
6868
6869
6870
6871
6872
6873
6874
6875
6876
6877
6878
6879
6880
6881
6882
6883
6884
6885
6886
6887
6888
6889
6890
6891
6892
6893
6894
6895
6896
6897
6898
6899
6900
6901
6902
6903
6904
6905
6906
6907
6908
6909
6910
6911
6912
6913
6914
6915
6916
6917
6918
6919
6920
6921
6922
6923
6924
6925
6926
6927
6928
6929
6930
6931
6932
6933
6934
6935
6936
6937
6938
6939
6940
6941
6942
6943
6944
6945
6946
6947
6948
6949
6950
6951
6952
6953
6954
6955
6956
6957
6958
6959
6960
6961
6962
6963
6964
6965
6966
6967
6968
6969
6970
6971
6972
6973
6974
6975
6976
6977
6978
6979
6980
6981
6982
6983
6984
6985
6986
6987
6988
6989
6990
6991
6992
6993
6994
6995
6996
6997
6998
6999
7000
7001
7002
7003
7004
7005
7006
7007
7008
7009
7010
7011
7012
7013
7014
7015
7016
7017
7018
7019
7020
7021
7022
7023
7024
7025
7026
7027
7028
7029
7030
7031
7032
7033
7034
7035
7036
7037
7038
7039
7040
7041
7042
7043
7044
7045
7046
7047
7048
7049
7050
7051
7052
7053
7054
7055
7056
7057
7058
7059
7060
7061
7062
7063
7064
7065
7066
7067
7068
7069
7070
7071
7072
7073
7074
7075
7076
7077
7078
7079
7080
7081
7082
7083
7084
7085
7086
7087
7088
7089
7090
7091
7092
7093
7094
7095
7096
7097
7098
7099
7100
7101
7102
7103
7104
7105
7106
7107
7108
7109
7110
7111
7112
7113
7114
7115
7116
7117
7118
7119
7120
7121
7122
7123
7124
7125
7126
7127
7128
7129
7130
7131
7132
7133
7134
7135
7136
7137
7138
7139
7140
7141
7142
7143
7144
7145
7146
7147
7148
7149
7150
7151
7152
7153
7154
7155
7156
7157
7158
7159
7160
7161
7162
7163
7164
7165
7166
7167
7168
7169
7170
7171
7172
7173
7174
7175
7176
7177
7178
7179
7180
7181
7182
7183
7184
7185
7186
7187
7188
7189
7190
7191
7192
7193
7194
7195
7196
7197
7198
7199
7200
7201
7202
7203
7204
7205
7206
7207
7208
7209
7210
7211
7212
7213
7214
7215
7216
7217
7218
7219
7220
7221
7222
7223
7224
7225
7226
7227
7228
7229
7230
7231
7232
7233
7234
7235
7236
7237
7238
7239
7240
7241
7242
7243
7244
7245
7246
7247
7248
7249
7250
7251
7252
7253
7254
7255
7256
7257
7258
7259
7260
7261
7262
7263
7264
7265
7266
7267
7268
7269
7270
7271
7272
7273
7274
7275
7276
7277
7278
7279
7280
7281
7282
7283
7284
7285
7286
7287
7288
7289
7290
7291
7292
7293
7294
7295
7296
7297
7298
7299
7300
7301
7302
7303
7304
7305
7306
7307
7308
7309
7310
7311
7312
7313
7314
7315
7316
7317
7318
7319
7320
7321
7322
7323
7324
7325
7326
7327
7328
7329
7330
7331
7332
7333
7334
7335
7336
7337
7338
7339
7340
7341
7342
7343
7344
7345
7346
7347
7348
7349
7350
7351
7352
7353
7354
7355
7356
7357
7358
7359
7360
7361
7362
7363
7364
7365
7366
7367
7368
7369
7370
7371
7372
7373
7374
7375
7376
7377
7378
7379
7380
7381
7382
7383
7384
7385
7386
7387
7388
7389
7390
7391
7392
7393
7394
7395
7396
7397
7398
7399
7400
7401
7402
7403
7404
7405
7406
7407
7408
7409
7410
7411
7412
7413
7414
7415
7416
7417
7418
7419
7420
7421
7422
7423
7424
7425
7426
7427
7428
7429
7430
7431
7432
7433
7434
7435
7436
7437
7438
7439
7440
7441
7442
7443
7444
7445
7446
7447
7448
7449
7450
7451
7452
7453
7454
7455
7456
7457
7458
7459
7460
7461
7462
7463
7464
7465
7466
7467
7468
7469
7470
7471
7472
7473
7474
7475
7476
7477
7478
7479
7480
7481
7482
7483
7484
7485
7486
7487
7488
7489
7490
7491
7492
7493
7494
7495
7496
7497
7498
7499
7500
7501
7502
7503
7504
7505
7506
7507
7508
7509
7510
7511
7512
7513
7514
7515
7516
7517
7518
7519
7520
7521
7522
7523
7524
7525
7526
7527
7528
7529
7530
7531
7532
7533
7534
7535
7536
7537
7538
7539
7540
7541
7542
7543
7544
7545
7546
7547
7548
7549
7550
7551
7552
7553
7554
7555
7556
7557
7558
7559
7560
7561
7562
7563
7564
7565
7566
7567
7568
7569
7570
7571
7572
7573
7574
7575
7576
7577
7578
7579
7580
7581
7582
7583
7584
7585
7586
7587
7588
7589
7590
7591
7592
7593
7594
7595
7596
7597
7598
7599
7600
7601
7602
7603
7604
7605
7606
7607
7608
7609
7610
7611
7612
7613
7614
7615
7616
7617
7618
7619
7620
7621
7622
7623
7624
7625
7626
7627
7628
7629
7630
7631
7632
7633
7634
7635
7636
7637
7638
7639
7640
7641
7642
7643
7644
7645
7646
7647
7648
7649
7650
7651
7652
7653
7654
7655
7656
7657
7658
7659
7660
7661
7662
7663
7664
7665
7666
7667
7668
7669
7670
7671
7672
7673
7674
7675
7676
7677
7678
7679
7680
7681
7682
7683
7684
7685
7686
7687
7688
7689
7690
7691
7692
7693
7694
7695
7696
7697
7698
7699
7700
7701
7702
7703
7704
7705
7706
7707
7708
7709
7710
7711
7712
7713
7714
7715
7716
7717
7718
7719
7720
7721
7722
7723
7724
7725
7726
7727
7728
7729
7730
7731
7732
7733
7734
7735
7736
7737
7738
7739
7740
7741
7742
7743
7744
7745
7746
7747
7748
7749
7750
7751
7752
7753
7754
7755
7756
7757
7758
7759
7760
7761
7762
7763
7764
7765
7766
7767
7768
7769
7770
7771
7772
7773
7774
7775
7776
7777
7778
7779
7780
7781
7782
7783
7784
7785
7786
7787
7788
7789
7790
7791
7792
7793
7794
7795
7796
7797
7798
7799
7800
7801
7802
7803
7804
7805
7806
7807
7808
7809
7810
7811
7812
7813
7814
7815
7816
7817
7818
7819
7820
7821
7822
7823
7824
7825
7826
7827
7828
7829
7830
7831
7832
7833
7834
7835
7836
7837
7838
7839
7840
7841
7842
7843
7844
7845
7846
7847
7848
7849
7850
7851
7852
7853
7854
7855
7856
7857
7858
7859
7860
7861
7862
7863
7864
7865
7866
7867
7868
7869
7870
7871
7872
7873
7874
7875
7876
7877
7878
7879
7880
7881
7882
7883
7884
7885
7886
7887
7888
7889
7890
7891
7892
7893
7894
7895
7896
7897
7898
7899
7900
7901
7902
7903
7904
7905
7906
7907
7908
7909
7910
7911
7912
7913
7914
7915
7916
7917
7918
7919
7920
7921
7922
7923
7924
7925
7926
7927
7928
7929
7930
7931
7932
7933
7934
7935
7936
7937
7938
7939
7940
7941
7942
7943
7944
7945
7946
7947
7948
7949
7950
7951
7952
7953
7954
7955
7956
7957
7958
7959
7960
7961
7962
7963
7964
7965
7966
7967
7968
7969
7970
7971
7972
7973
7974
7975
7976
7977
7978
7979
7980
7981
7982
7983
7984
7985
7986
7987
7988
7989
7990
7991
7992
7993
7994
7995
7996
7997
7998
7999
8000
8001
8002
8003
8004
8005
8006
8007
8008
8009
8010
8011
8012
8013
8014
8015
8016
8017
8018
8019
8020
8021
8022
8023
8024
8025
8026
8027
8028
8029
8030
8031
8032
8033
8034
8035
8036
8037
8038
8039
8040
8041
8042
8043
8044
8045
8046
8047
8048
8049
8050
8051
8052
8053
8054
8055
8056
8057
8058
8059
8060
8061
8062
8063
8064
8065
8066
8067
8068
8069
8070
8071
8072
8073
8074
8075
8076
8077
8078
8079
8080
8081
8082
8083
8084
8085
8086
8087
8088
8089
8090
8091
8092
8093
8094
8095
8096
8097
8098
8099
8100
8101
8102
8103
8104
8105
8106
8107
8108
8109
8110
8111
8112
8113
8114
8115
8116
8117
8118
8119
8120
8121
8122
8123
8124
8125
8126
8127
8128
8129
8130
8131
8132
8133
8134
8135
8136
8137
8138
8139
8140
8141
8142
8143
8144
8145
8146
8147
8148
8149
8150
8151
8152
8153
8154
8155
8156
8157
8158
8159
8160
8161
8162
8163
8164
8165
8166
8167
8168
8169
8170
8171
8172
8173
8174
8175
8176
8177
8178
8179
8180
8181
8182
8183
8184
8185
8186
8187
8188
8189
8190
8191
8192
8193
8194
8195
8196
8197
8198
8199
8200
8201
8202
8203
8204
8205
8206
8207
8208
8209
8210
8211
8212
8213
8214
8215
8216
8217
8218
8219
8220
8221
8222
8223
8224
8225
8226
8227
8228
8229
8230
8231
8232
8233
8234
8235
8236
8237
8238
8239
8240
8241
8242
8243
8244
8245
8246
8247
8248
8249
8250
8251
8252
8253
8254
8255
8256
8257
8258
8259
8260
8261
8262
8263
8264
8265
8266
8267
8268
8269
8270
8271
8272
8273
8274
8275
8276
8277
8278
8279
8280
8281
8282
8283
8284
8285
8286
8287
8288
8289
8290
8291
8292
8293
8294
8295
8296
8297
8298
8299
8300
8301
8302
8303
8304
8305
8306
8307
8308
8309
8310
8311
8312
8313
8314
8315
8316
8317
8318
8319
8320
8321
8322
8323
8324
8325
8326
8327
8328
8329
8330
8331
8332
8333
8334
8335
8336
8337
8338
8339
8340
8341
8342
8343
8344
8345
8346
8347
8348
8349
8350
8351
8352
8353
8354
8355
8356
8357
8358
8359
8360
8361
8362
8363
8364
8365
8366
8367
8368
8369
8370
8371
8372
8373
8374
8375
8376
8377
8378
8379
8380
8381
8382
8383
8384
8385
8386
8387
8388
8389
8390
8391
8392
8393
8394
8395
8396
8397
8398
8399
8400
8401
8402
8403
8404
8405
8406
8407
8408
8409
8410
8411
8412
8413
8414
8415
8416
8417
8418
8419
8420
8421
8422
8423
8424
8425
8426
8427
8428
8429
8430
8431
8432
8433
8434
8435
8436
8437
8438
8439
8440
8441
8442
8443
8444
8445
8446
8447
8448
8449
8450
8451
8452
8453
8454
8455
8456
8457
8458
8459
8460
8461
8462
8463
8464
8465
8466
8467
8468
8469
8470
8471
8472
8473
8474
8475
8476
8477
8478
8479
8480
8481
8482
8483
8484
8485
8486
8487
8488
8489
8490
8491
8492
8493
8494
8495
8496
8497
8498
8499
8500
8501
8502
8503
8504
8505
8506
8507
8508
8509
8510
8511
8512
8513
8514
8515
8516
8517
8518
8519
8520
8521
8522
8523
8524
8525
8526
8527
8528
8529
8530
8531
8532
8533
8534
8535
8536
8537
8538
8539
8540
8541
8542
8543
8544
8545
8546
8547
8548
8549
8550
8551
8552
8553
8554
8555
8556
8557
8558
8559
8560
8561
8562
8563
8564
8565
8566
8567
8568
8569
8570
8571
8572
8573
8574
8575
8576
8577
8578
8579
8580
8581
8582
8583
8584
8585
8586
8587
8588
8589
8590
8591
8592
8593
8594
8595
8596
8597
8598
8599
8600
8601
8602
8603
8604
8605
8606
8607
8608
8609
8610
8611
8612
8613
8614
8615
8616
8617
8618
8619
8620
8621
8622
8623
8624
8625
8626
8627
8628
8629
8630
8631
8632
8633
8634
8635
8636
8637
8638
8639
8640
8641
8642
8643
8644
8645
8646
8647
8648
8649
8650
8651
8652
8653
8654
8655
8656
8657
8658
8659
8660
8661
8662
8663
8664
8665
8666
8667
8668
8669
8670
8671
8672
8673
8674
8675
8676
8677
8678
8679
8680
8681
8682
8683
8684
8685
8686
8687
8688
8689
8690
8691
8692
8693
8694
8695
8696
8697
8698
8699
8700
8701
8702
8703
8704
8705
8706
8707
8708
8709
8710
8711
8712
8713
8714
8715
8716
8717
8718
8719
8720
8721
8722
8723
8724
8725
8726
8727
8728
8729
8730
8731
8732
8733
8734
8735
8736
8737
8738
8739
8740
8741
8742
8743
8744
8745
8746
8747
8748
8749
8750
8751
8752
8753
8754
8755
8756
8757
8758
8759
8760
8761
8762
8763
8764
8765
8766
8767
8768
8769
8770
8771
8772
8773
8774
8775
8776
8777
8778
8779
8780
8781
8782
8783
8784
8785
8786
8787
8788
8789
8790
8791
8792
8793
8794
8795
8796
8797
8798
8799
8800
8801
8802
8803
8804
8805
8806
8807
8808
8809
8810
8811
8812
8813
8814
8815
8816
8817
8818
8819
8820
8821
8822
8823
8824
8825
8826
8827
8828
8829
8830
8831
8832
8833
8834
8835
8836
8837
8838
8839
8840
8841
8842
8843
8844
8845
8846
8847
8848
8849
8850
8851
8852
8853
8854
8855
8856
8857
8858
8859
8860
8861
8862
8863
8864
8865
8866
8867
8868
8869
8870
8871
8872
8873
8874
8875
8876
8877
8878
8879
8880
8881
8882
8883
8884
8885
8886
8887
8888
8889
8890
8891
8892
8893
8894
8895
8896
8897
8898
8899
8900
8901
8902
8903
8904
8905
8906
8907
8908
8909
8910
8911
8912
8913
8914
8915
8916
8917
8918
8919
8920
8921
8922
8923
8924
8925
8926
8927
8928
8929
8930
8931
8932
8933
8934
8935
8936
8937
8938
8939
8940
8941
8942
8943
8944
8945
8946
8947
8948
8949
8950
8951
8952
8953
8954
8955
8956
8957
8958
8959
8960
8961
8962
8963
8964
8965
8966
8967
8968
8969
8970
8971
8972
8973
8974
8975
8976
8977
8978
8979
8980
8981
8982
8983
8984
8985
8986
8987
8988
8989
8990
8991
8992
8993
8994
8995
8996
8997
8998
8999
9000
9001
9002
9003
9004
9005
9006
9007
9008
9009
9010
9011
9012
9013
9014
9015
9016
9017
9018
9019
9020
9021
9022
9023
9024
9025
9026
9027
9028
9029
9030
9031
9032
9033
9034
9035
9036
9037
9038
9039
9040
9041
9042
9043
9044
9045
9046
9047
9048
9049
9050
9051
9052
9053
9054
9055
9056
9057
9058
9059
9060
9061
9062
9063
9064
9065
9066
9067
9068
9069
9070
9071
9072
9073
9074
9075
9076
9077
9078
9079
9080
9081
9082
9083
9084
9085
9086
9087
9088
9089
9090
9091
9092
9093
9094
9095
9096
9097
9098
9099
9100
9101
9102
9103
9104
9105
9106
9107
9108
9109
9110
9111
9112
9113
9114
9115
9116
9117
9118
9119
9120
9121
9122
9123
9124
9125
9126
9127
9128
9129
9130
9131
9132
9133
9134
9135
9136
9137
9138
9139
9140
9141
9142
9143
9144
9145
9146
9147
9148
9149
9150
9151
9152
9153
9154
9155
9156
9157
9158
9159
9160
9161
9162
9163
9164
9165
9166
9167
9168
9169
9170
9171
9172
9173
9174
9175
9176
9177
9178
9179
9180
9181
9182
9183
9184
9185
9186
9187
9188
9189
9190
9191
9192
9193
9194
9195
9196
9197
9198
9199
9200
9201
9202
9203
9204
9205
9206
9207
9208
9209
9210
9211
9212
9213
9214
9215
9216
9217
9218
9219
9220
9221
9222
9223
9224
9225
9226
9227
9228
9229
9230
9231
9232
9233
9234
9235
9236
9237
9238
9239
9240
9241
9242
9243
9244
9245
9246
9247
9248
9249
9250
9251
9252
9253
9254
9255
9256
9257
9258
9259
9260
9261
9262
9263
9264
9265
9266
9267
9268
9269
9270
9271
9272
9273
9274
9275
9276
9277
9278
9279
9280
9281
9282
9283
9284
9285
9286
9287
9288
9289
9290
9291
9292
9293
9294
9295
9296
9297
9298
9299
9300
9301
9302
9303
9304
9305
9306
9307
9308
9309
9310
9311
9312
9313
9314
9315
9316
9317
9318
9319
9320
9321
9322
9323
9324
9325
9326
9327
9328
9329
9330
9331
9332
9333
9334
9335
9336
9337
9338
9339
9340
9341
9342
9343
9344
9345
9346
9347
9348
9349
9350
9351
9352
9353
9354
9355
9356
9357
9358
9359
9360
9361
9362
9363
9364
9365
9366
9367
9368
9369
9370
9371
9372
9373
9374
9375
9376
9377
9378
9379
9380
9381
9382
9383
9384
9385
9386
9387
9388
9389
9390
9391
9392
9393
9394
9395
9396
9397
9398
9399
9400
9401
9402
9403
9404
9405
9406
9407
9408
9409
9410
9411
9412
9413
9414
9415
9416
9417
9418
9419
9420
9421
9422
9423
9424
9425
9426
9427
9428
9429
9430
9431
9432
9433
9434
9435
9436
9437
9438
9439
9440
9441
9442
9443
9444
9445
9446
9447
9448
9449
9450
9451
9452
9453
9454
9455
9456
9457
9458
9459
9460
9461
9462
9463
9464
9465
9466
9467
9468
9469
9470
9471
9472
9473
9474
9475
9476
9477
9478
9479
9480
9481
9482
9483
9484
9485
9486
9487
9488
9489
9490
9491
9492
9493
9494
9495
9496
9497
9498
9499
9500
9501
9502
9503
9504
9505
9506
9507
9508
9509
9510
9511
9512
9513
9514
9515
9516
9517
9518
9519
9520
9521
9522
9523
9524
9525
9526
9527
9528
9529
9530
9531
9532
9533
9534
9535
9536
9537
9538
9539
9540
9541
9542
9543
9544
9545
9546
9547
9548
9549
9550
9551
9552
9553
9554
9555
9556
9557
9558
9559
9560
9561
9562
9563
9564
9565
9566
9567
9568
9569
9570
9571
9572
9573
9574
9575
9576
9577
9578
9579
9580
9581
9582
9583
9584
9585
9586
9587
9588
9589
9590
9591
9592
9593
9594
9595
9596
9597
9598
9599
9600
9601
9602
9603
9604
9605
9606
9607
9608
9609
9610
9611
9612
9613
9614
9615
9616
9617
9618
9619
9620
9621
9622
9623
9624
9625
9626
9627
9628
9629
9630
9631
9632
9633
9634
9635
9636
9637
9638
9639
9640
9641
9642
9643
9644
9645
9646
9647
9648
9649
9650
9651
9652
9653
9654
9655
9656
9657
9658
9659
9660
9661
9662
9663
9664
9665
9666
9667
9668
9669
9670
9671
9672
9673
9674
9675
9676
9677
9678
9679
9680
9681
9682
9683
9684
9685
9686
9687
9688
9689
9690
9691
9692
9693
9694
9695
9696
9697
9698
9699
9700
9701
9702
9703
9704
9705
9706
9707
9708
9709
9710
9711
9712
9713
9714
9715
9716
9717
9718
9719
9720
9721
9722
9723
9724
9725
9726
9727
9728
9729
9730
9731
9732
9733
9734
9735
9736
9737
9738
9739
9740
9741
9742
9743
9744
9745
9746
9747
9748
9749
9750
9751
9752
9753
9754
9755
9756
9757
9758
9759
9760
9761
9762
9763
9764
9765
9766
9767
9768
9769
9770
9771
9772
9773
9774
9775
9776
9777
9778
9779
9780
9781
9782
9783
9784
9785
9786
9787
9788
9789
9790
9791
9792
9793
9794
9795
9796
9797
9798
9799
9800
9801
9802
9803
9804
9805
9806
9807
9808
9809
9810
9811
9812
9813
9814
9815
9816
9817
9818
9819
9820
9821
9822
9823
9824
9825
9826
9827
9828
9829
9830
9831
9832
9833
9834
9835
9836
9837
9838
9839
9840
9841
9842
9843
9844
9845
9846
9847
9848
9849
9850
9851
9852
9853
9854
9855
9856
9857
9858
9859
9860
9861
9862
9863
9864
9865
9866
9867
9868
9869
9870
9871
9872
9873
9874
9875
9876
9877
9878
9879
9880
9881
9882
9883
9884
9885
9886
9887
9888
9889
9890
9891
9892
9893
9894
9895
9896
9897
9898
9899
9900
9901
9902
9903
9904
9905
9906
9907
9908
9909
9910
9911
9912
9913
9914
9915
9916
9917
9918
9919
9920
9921
9922
9923
9924
9925
9926
9927
9928
9929
9930
9931
9932
9933
9934
9935
9936
9937
9938
9939
9940
9941
9942
9943
9944
9945
9946
9947
9948
9949
9950
9951
9952
9953
9954
9955
9956
9957
9958
9959
9960
9961
9962
9963
9964
9965
9966
9967
9968
9969
9970
9971
9972
9973
9974
9975
9976
9977
9978
9979
9980
9981
9982
9983
9984
9985
9986
9987
9988
9989
9990
9991
9992
9993
9994
9995
9996
9997
9998
9999
10000
10001
10002
10003
10004
10005
10006
10007
10008
10009
10010
10011
10012
10013
10014
10015
10016
10017
10018
10019
10020
10021
10022
10023
10024
10025
10026
10027
10028
10029
10030
10031
10032
10033
10034
10035
10036
10037
10038
10039
10040
10041
10042
10043
10044
10045
10046
10047
10048
10049
10050
10051
10052
10053
10054
10055
10056
10057
10058
10059
10060
10061
10062
10063
10064
10065
10066
10067
10068
10069
10070
10071
10072
10073
10074
10075
10076
10077
10078
10079
10080
10081
10082
10083
10084
10085
10086
10087
10088
10089
10090
10091
10092
10093
10094
10095
10096
10097
10098
10099
10100
10101
10102
10103
10104
10105
10106
10107
10108
10109
10110
10111
10112
10113
10114
10115
10116
10117
10118
10119
10120
10121
10122
10123
10124
10125
10126
10127
10128
10129
10130
10131
10132
10133
10134
10135
10136
10137
10138
10139
10140
10141
10142
10143
10144
10145
10146
10147
10148
10149
10150
10151
10152
10153
10154
10155
10156
10157
10158
10159
10160
10161
10162
10163
10164
10165
10166
10167
10168
10169
10170
10171
10172
10173
10174
10175
10176
10177
10178
10179
10180
10181
10182
10183
10184
10185
10186
10187
10188
10189
10190
10191
10192
10193
10194
10195
10196
10197
10198
10199
10200
10201
10202
10203
10204
10205
10206
10207
10208
10209
10210
10211
10212
10213
10214
10215
10216
10217
10218
10219
10220
10221
10222
10223
10224
10225
10226
10227
10228
10229
10230
10231
10232
10233
10234
10235
10236
10237
10238
10239
10240
10241
10242
10243
10244
10245
10246
10247
10248
10249
10250
10251
10252
10253
10254
10255
10256
10257
10258
10259
10260
10261
10262
10263
10264
10265
10266
10267
10268
10269
10270
10271
10272
10273
10274
10275
10276
10277
10278
10279
10280
10281
10282
10283
10284
10285
10286
10287
10288
10289
10290
10291
10292
10293
10294
10295
10296
10297
10298
10299
10300
10301
10302
10303
10304
10305
10306
10307
10308
10309
10310
10311
10312
10313
10314
10315
10316
10317
10318
10319
10320
10321
10322
10323
10324
10325
10326
10327
10328
10329
10330
10331
10332
10333
10334
10335
5051_insert
5052_insert
5053_insert
5054_insert
5055_insert
5056_insert
5057_insert
5058_insert
5059_insert
5060_insert
5061_insert
5062_insert
5063_insert
5064_insert
5065_insert
5066_insert
5067_insert
5068_insert
5069_insert
5070_insert
5071_insert
5072_insert
5073_insert
5074_insert
5075_insert
5076_insert
5077_insert
5078_insert
5079_insert
5080_insert
5081_insert
5082_insert
5083_insert
5084_insert
5085_insert
5086_insert
5087_insert
5088_insert
5089_insert
5090_insert
5091_insert
5092_insert
5093_insert
5094_insert
5095_insert
5096_insert
5097_insert
5098_insert
5099_insert
5100_insert
5101_insert
5102_insert
5103_insert
5104_insert
5105_insert
5106_insert
5107_insert
5108_insert
5109_insert
5110_insert
5111_insert
5112_insert
5113_insert
5114_insert
5115_insert
5116_insert
5117_insert
5118_insert
5119_insert
5120_insert
5121_insert
5122_insert
5123_insert
5124_insert
5125_insert
5126_insert
5127_insert
5128_insert
5129_insert
5130_insert
5131_insert
5132_insert
5133_insert
5134_insert
5135_insert
5136_insert
5137_insert
5138_insert
5139_insert
5140_insert
5141_insert
5142_insert
5143_insert
5144_insert
5145_insert
5146_insert
5147_insert
5148_insert
5149_insert
5150_insert
5151_insert
5152_insert
5153_insert
5154_insert
5155_insert
5156_insert
5157_insert
5158_insert
5159_insert
5160_insert
5161_insert
5162_insert
5163_insert
5164_insert
5165_insert
5166_insert
5167_insert
5168_insert
5169_insert
5170_insert
5171_insert
5172_insert
5173_insert
5174_insert
5175_insert
5176_insert
5177_insert
5178_insert
5179_insert
5180_insert
5181_insert
5182_insert
5183_insert
5184_insert
5185_insert
5186_insert
5187_insert
5188_insert
5189_insert
5190_insert
5191_insert
5192_insert
5193_insert
5194_insert
5195_insert
5196_insert
5197_insert
5198_insert
5199_insert
5200_insert
5201_insert
5202_insert
5203_insert
5204_insert
5205_insert
5206_insert
5207_insert
5208_insert
5209_insert
5210_insert
5211_insert
5212_insert
5213_insert
5214_insert
5215_insert
5216_insert
5217_insert
5218_insert
5219_insert
5220_insert
5221_insert
5222_insert
5223_insert
5224_insert
5225_insert
5226_insert
5227_insert
5228_insert
5229_insert
5230_insert
5231_insert
5232_insert
5233_insert
5234_insert
5235_insert
5236_insert
5237_insert
5238_insert
5239_insert
5240_insert
5241_insert
5242_insert
5243_insert
5244_insert
5245_insert
5246_insert
5247_insert
5248_insert
5249_insert
5250_insert
5251_insert
5252_insert
5253_insert
5254_insert
5255_insert
5256_insert
5257_insert
5258_insert
5259_insert
5260_insert
5261_insert
5262_insert
5263_insert
5264_insert
5265_insert
5266_insert
5267_insert
5268_insert
5269_insert
5270_insert
5271_insert
5272_insert
5273_insert
5274_insert
5275_insert
5276_insert
5277_insert
5278_insert
5279_insert
5280_insert
5281_insert
5282_insert
5283_insert
5284_insert
5285_insert
5286_insert
5287_insert
5288_insert
5289_insert
5290_insert
5291_insert
5292_insert
5293_insert
5294_insert
5295_insert
5296_insert
5297_insert
5298_insert
5299_insert
5300_insert
5301_insert
5302_insert
5303_insert
5304_insert
5305_insert
5306_insert
5307_insert
5308_insert
5309_insert
5310_insert
5311_insert
5312_insert
5313_insert
5314_insert
5315_insert
5316_insert
5317_insert
5318_insert
5319_insert
5320_insert
5321_insert
5322_insert
5323_insert
5324_insert
5325_insert
5326_insert
5327_insert
5328_insert
5329_insert
5330_insert
5331_insert
5332_insert
5333_insert
5334_insert
5335_insert
5336_insert
5337_insert
5338_insert
5339_insert
5340_insert
5341_insert
5342_insert
5343_insert
5344_insert
5345_insert
5346_insert
5347_insert
5348_insert
5349_insert
5350_insert
5351_insert
5352_insert
5353_insert
5354_insert
5355_insert
5356_insert
5357_insert
5358_insert
5359_insert
5360_insert
5361_insert
5362_insert
5363_insert
5364_insert
5365_insert
5366_insert
5367_insert
5368_insert
5369_insert
5370_insert
5371_insert
5372_insert
5373_insert
5374_insert
5375_insert
5376_insert
5377_insert
5378_insert
5379_insert
5380_insert
5381_insert
5382_insert
5383_insert
5384_insert
5385_insert
5386_insert
5387_insert
5388_insert
5389_insert
5390_insert
5391_insert
5392_insert
5393_insert
5394_insert
5395_insert
5396_insert
5397_insert
5398_insert
5399_insert
5400_insert
5401_insert
5402_insert
5403_insert
5404_insert
5405_insert
5406_insert
5407_insert
5408_insert
5409_insert
5410_insert
5411_insert
5412_insert
5413_insert
5414_insert
5415_insert
5416_insert
5417_insert
5418_insert
5419_insert
5420_insert
5421_insert
5422_insert
5423_insert
5424_insert
5425_insert
5426_insert
5427_insert
5428_insert
5429_insert
5430_insert
5431_insert
5432_insert
5433_insert
5434_insert
5435_insert
5436_insert
5437_insert
5438_insert
5439_insert
5440_insert
5441_insert
5442_insert
5443_insert
5444_insert
5445_insert
5446_insert
5447_insert
5448_insert
5449_insert
5450_insert
5451_insert
5452_insert
5453_insert
5454_insert
5455_insert
5456_insert
5457_insert
5458_insert
5459_insert
5460_insert
5461_insert
5462_insert
5463_insert
5464_insert
5465_insert
5466_insert
5467_insert
5468_insert
5469_insert
5470_insert
5471_insert
5472_insert
5473_insert
5474_insert
5475_insert
5476_insert
5477_insert
5478_insert
5479_insert
5480_insert
5481_insert
5482_insert
5483_insert
5484_insert
5485_insert
5486_insert
5487_insert
5488_insert
5489_insert
5490_insert
5491_insert
5492_insert
5493_insert
5494_insert
5495_insert
5496_insert
5497_insert
5498_insert
5499_insert
5500_insert
5501_insert
5502_insert
5503_insert
5504_insert
5505_insert
5506_insert
5507_insert
5508_insert
5509_insert
5510_insert
5511_insert
5512_insert
5513_insert
5514_insert
5515_insert
5516_insert
5517_insert
5518_insert
5519_insert
5520_insert
5521_insert
5522_insert
5523_insert
5524_insert
5525_insert
5526_insert
5527_insert
5528_insert
5529_insert
5530_insert
5531_insert
5532_insert
5533_insert
5534_insert
5535_insert
5536_insert
5537_insert
5538_insert
5539_insert
5540_insert
5541_insert
5542_insert
5543_insert
5544_insert
5545_insert
5546_insert
5547_insert
5548_insert
5549_insert
5550_insert
5551_insert
5552_insert
5553_insert
5554_insert
5555_insert
5556_insert
5557_insert
5558_insert
5559_insert
5560_insert
5561_insert
5562_insert
5563_insert
5564_insert
5565_insert
5566_insert
5567_insert
5568_insert
5569_insert
5570_insert
5571_insert
5572_insert
5573_insert
5574_insert
5575_insert
5576_insert
5577_insert
5578_insert
5579_insert
5580_insert
5581_insert
5582_insert
5583_insert
5584_insert
5585_insert
5586_insert
5587_insert
5588_insert
5589_insert
5590_insert
5591_insert
5592_insert
5593_insert
5594_insert
5595_insert
5596_insert
5597_insert
5598_insert
5599_insert
5600_insert
5601_insert
5602_insert
5603_insert
5604_insert
5605_insert
5606_insert
5607_insert
5608_insert
5609_insert
5610_insert
5611_insert
5612_insert
5613_insert
5614_insert
5615_insert
5616_insert
5617_insert
5618_insert
5619_insert
5620_insert
5621_insert
5622_insert
5623_insert
5624_insert
5625_insert
5626_insert
5627_insert
5628_insert
5629_insert
5630_insert
5631_insert
5632_insert
5633_insert
5634_insert
5635_insert
5636_insert
5637_insert
5638_insert
5639_insert
5640_insert
5641_insert
5642_insert
5643_insert
5644_insert
5645_insert
5646_insert
5647_insert
5648_insert
5649_insert
5650_insert
5651_insert
5652_insert
5653_insert
5654_insert
5655_insert
5656_insert
5657_insert
5658_insert
5659_insert
5660_insert
5661_insert
5662_insert
5663_insert
5664_insert
5665_insert
5666_insert
5667_insert
5668_insert
5669_insert
5670_insert
5671_insert
5672_insert
5673_insert
5674_insert
5675_insert
5676_insert
5677_insert
5678_insert
5679_insert
5680_insert
5681_insert
5682_insert
5683_insert
5684_insert
5685_insert
5686_insert
5687_insert
5688_insert
5689_insert
5690_insert
5691_insert
5692_insert
5693_insert
5694_insert
5695_insert
5696_insert
5697_insert
5698_insert
5699_insert
5700_insert
5701_insert
5702_insert
5703_insert
5704_insert
5705_insert
5706_insert
5707_insert
5708_insert
5709_insert
5710_insert
5711_insert
5712_insert
5713_insert
5714_insert
5715_insert
5716_insert
5717_insert
5718_insert
5719_insert
5720_insert
5721_insert
5722_insert
5723_insert
5724_insert
5725_insert
5726_insert
5727_insert
5728_insert
5729_insert
5730_insert
5731_insert
5732_insert
5733_insert
5734_insert
5735_insert
5736_insert
5737_insert
5738_insert
5739_insert
5740_insert
5741_insert
5742_insert
5743_insert
5744_insert
5745_insert
5746_insert
5747_insert
5748_insert
5749_insert
5750_insert
5751_insert
5752_insert
5753_insert
5754_insert
5755_insert
5756_insert
5757_insert
5758_insert
5759_insert
5760_insert
5761_insert
5762_insert
5763_insert
5764_insert
5765_insert
5766_insert
5767_insert
5768_insert
5769_insert
5770_insert
5771_insert
5772_insert
5773_insert
5774_insert
5775_insert
5776_insert
5777_insert
5778_insert
5779_insert
5780_insert
5781_insert
5782_insert
5783_insert
5784_insert
5785_insert
5786_insert
5787_insert
5788_insert
5789_insert
5790_insert
5791_insert
5792_insert
5793_insert
5794_insert
5795_insert
5796_insert
5797_insert
5798_insert
5799_insert
5800_insert
5801_insert
5802_insert
5803_insert
5804_insert
5805_insert
5806_insert
5807_insert
5808_insert
5809_insert
5810_insert
5811_insert
5812_insert
5813_insert
5814_insert
5815_insert
5816_insert
5817_insert
5818_insert
5819_insert
5820_insert
5821_insert
5822_insert
5823_insert
5824_insert
5825_insert
5826_insert
5827_insert
5828_insert
5829_insert
5830_insert
5831_insert
5832_insert
5833_insert
5834_insert
5835_insert
5836_insert
5837_insert
5838_insert
5839_insert
5840_insert
5841_insert
5842_insert
5843_insert
5844_insert
5845_insert
5846_insert
5847_insert
5848_insert
5849_insert
5850_insert
5851_insert
5852_insert
5853_insert
5854_insert
5855_insert
5856_insert
5857_insert
5858_insert
5859_insert
5860_insert
5861_insert
5862_insert
5863_insert
5864_insert
5865_insert
5866_insert
5867_insert
5868_insert
5869_insert
5870_insert
5871_insert
5872_insert
5873_insert
5874_insert
5875_insert
5876_insert
5877_insert
5878_insert
5879_insert
5880_insert
5881_insert
5882_insert
5883_insert
5884_insert
5885_insert
5886_insert
5887_insert
5888_insert
5889_insert
5890_insert
5891_insert
5892_insert
5893_insert
5894_insert
5895_insert
5896_insert
5897_insert
5898_insert
5899_insert
5900_insert
5901_insert
5902_insert
5903_insert
5904_insert
5905_insert
5906_insert
5907_insert
5908_insert
5909_insert
5910_insert
5911_insert
5912_insert
5913_insert
5914_insert
5915_insert
5916_insert
5917_insert
5918_insert
5919_insert
5920_insert
5921_insert
5922_insert
5923_insert
5924_insert
5925_insert
5926_insert
5927_insert
5928_insert
5929_insert
5930_insert
5931_insert
5932_insert
5933_insert
5934_insert
5935_insert
5936_insert
5937_insert
5938_insert
5939_insert
5940_insert
5941_insert
5942_insert
5943_insert
5944_insert
5945_insert
5946_insert
5947_insert
5948_insert
5949_insert
5950_insert
5951_insert
5952_insert
5953_insert
5954_insert
5955_insert
5956_insert
5957_insert
5958_insert
5959_insert
5960_insert
5961_insert
5962_insert
5963_insert
5964_insert
5965_insert
5966_insert
5967_insert
5968_insert
5969_insert
5970_insert
5971_insert
5972_insert
5973_insert
5974_insert
5975_insert
5976_insert
5977_insert
5978_insert
5979_insert
5980_insert
5981_insert
5982_insert
5983_insert
5984_insert
5985_insert
5986_insert
5987_insert
5988_insert
5989_insert
5990_insert
5991_insert
5992_insert
5993_insert
5994_insert
5995_insert
5996_insert
5997_insert
5998_insert
5999_insert
6000_insert
6001_insert
6002_insert
6003_insert
6004_insert
6005_insert
6006_insert
6007_insert
6008_insert
6009_insert
6010_insert
6011_insert
6012_insert
6013_insert
6014_insert
6015_insert
6016_insert
6017_insert
6018_insert
6019_insert
6020_insert
6021_insert
6022_insert
6023_insert
6024_insert
6025_insert
6026_insert
6027_insert
6028_insert
6029_insert
6030_insert
6031_insert
6032_insert
6033_insert
6034_insert
6035_insert
6036_insert
6037_insert
6038_insert
6039_insert
6040_insert
6041_insert
6042_insert
6043_insert
6044_insert
6045_insert
6046_insert
6047_insert
6048_insert
6049_insert
6050_insert
6051_insert
6052_insert
6053_insert
6054_insert
6055_insert
6056_insert
6057_insert
6058_insert
6059_insert
6060_insert
6061_insert
6062_insert
6063_insert
6064_insert
6065_insert
6066_insert
6067_insert
6068_insert
6069_insert
6070_insert
6071_insert
6072_insert
6073_insert
6074_insert
6075_insert
6076_insert
6077_insert
6078_insert
6079_insert
6080_insert
6081_insert
6082_insert
6083_insert
6084_insert
6085_insert
6086_insert
6087_insert
6088_insert
6089_insert
6090_insert
6091_insert
6092_insert
6093_insert
6094_insert
6095_insert
6096_insert
6097_insert
6098_insert
6099_insert
6100_insert
6101_insert
6102_insert
6103_insert
6104_insert
6105_insert
6106_insert
6107_insert
6108_insert
6109_insert
6110_insert
6111_insert
6112_insert
6113_insert
6114_insert
6115_insert
6116_insert
6117_insert
6118_insert
6119_insert
6120_insert
6121_insert
6122_insert
6123_insert
6124_insert
6125_insert
6126_insert
6127_insert
6128_insert
6129_insert
6130_insert
6131_insert
6132_insert
6133_insert
6134_insert
6135_insert
6136_insert
6137_insert
6138_insert
6139_insert
6140_insert
6141_insert
6142_insert
6143_insert
6144_insert
6145_insert
6146_insert
6147_insert
6148_insert
6149_insert
6150_insert
6151_insert
6152_insert
6153_insert
6154_insert
6155_insert
6156_insert
6157_insert
6158_insert
6159_insert
6160_insert
6161_insert
6162_insert
6163_insert
6164_insert
6165_insert
6166_insert
6167_insert
6168_insert
6169_insert
6170_insert
6171_insert
6172_insert
6173_insert
6174_insert
6175_insert
6176_insert
6177_insert
6178_insert
6179_insert
6180_insert
6181_insert
6182_insert
6183_insert
6184_insert
6185_insert
6186_insert
6187_insert
6188_insert
6189_insert
6190_insert
6191_insert
6192_insert
6193_insert
6194_insert
6195_insert
6196_insert
6197_insert
6198_insert
6199_insert
6200_insert
6201_insert
6202_insert
6203_insert
6204_insert
6205_insert
6206_insert
6207_insert
6208_insert
6209_insert
6210_insert
6211_insert
6212_insert
6213_insert
6214_insert
6215_insert
6216_insert
6217_insert
6218_insert
6219_insert
6220_insert
6221_insert
6222_insert
6223_insert
6224_insert
6225_insert
6226_insert
6227_insert
6228_insert
6229_insert
6230_insert
6231_insert
6232_insert
6233_insert
6234_insert
6235_insert
6236_insert
6237_insert
6238_insert
6239_insert
6240_insert
6241_insert
6242_insert
6243_insert
6244_insert
6245_insert
6246_insert
6247_insert
6248_insert
6249_insert
6250_insert
6251_insert
6252_insert
6253_insert
6254_insert
6255_insert
6256_insert
6257_insert
6258_insert
6259_insert
6260_insert
6261_insert
6262_insert
6263_insert
6264_insert
6265_insert
6266_insert
6267_insert
6268_insert
6269_insert
6270_insert
6271_insert
6272_insert
6273_insert
6274_insert
6275_insert
6276_insert
6277_insert
6278_insert
6279_insert
6280_insert
6281_insert
6282_insert
6283_insert
6284_insert
6285_insert
6286_insert
6287_insert
6288_insert
6289_insert
6290_insert
6291_insert
6292_insert
6293_insert
6294_insert
6295_insert
6296_insert
6297_insert
6298_insert
6299_insert
6300_insert
6301_insert
6302_insert
6303_insert
6304_insert
6305_insert
6306_insert
6307_insert
6308_insert
6309_insert
6310_insert
6311_insert
6312_insert
6313_insert
6314_insert
6315_insert
6316_insert
6317_insert
6318_insert
6319_insert
6320_insert
6321_insert
6322_insert
6323_insert
6324_insert
6325_insert
6326_insert
6327_insert
6328_insert
6329_insert
6330_insert
6331_insert
6332_insert
6333_insert
6334_insert
6335_insert
6336_insert
6337_insert
6338_insert
6339_insert
6340_insert
6341_insert
6342_insert
6343_insert
6344_insert
6345_insert
6346_insert
6347_insert
6348_insert
6349_insert
6350_insert
6351_insert
6352_insert
6353_insert
6354_insert
6355_insert
6356_insert
6357_insert
6358_insert
6359_insert
6360_insert
6361_insert
6362_insert
6363_insert
6364_insert
6365_insert
6366_insert
6367_insert
6368_insert
6369_insert
6370_insert
6371_insert
6372_insert
6373_insert
6374_insert
6375_insert
6376_insert
6377_insert
6378_insert
6379_insert
6380_insert
6381_insert
6382_insert
6383_insert
6384_insert
6385_insert
6386_insert
6387_insert
6388_insert
6389_insert
6390_insert
6391_insert
6392_insert
6393_insert
6394_insert
6395_insert
6396_insert
6397_insert
6398_insert
6399_insert
6400_insert
6401_insert
6402_insert
6403_insert
6404_insert
6405_insert
6406_insert
6407_insert
6408_insert
6409_insert
6410_insert
6411_insert
6412_insert
6413_insert
6414_insert
6415_insert
6416_insert
6417_insert
6418_insert
6419_insert
6420_insert
6421_insert
6422_insert
6423_insert
6424_insert
6425_insert
6426_insert
6427_insert
6428_insert
6429_insert
6430_insert
6431_insert
6432_insert
6433_insert
6434_insert
6435_insert
6436_insert
6437_insert
6438_insert
6439_insert
6440_insert
6441_insert
6442_insert
6443_insert
6444_insert
6445_insert
6446_insert
6447_insert
6448_insert
6449_insert
6450_insert
6451_insert
6452_insert
6453_insert
6454_insert
6455_insert
6456_insert
6457_insert
6458_insert
6459_insert
6460_insert
6461_insert
6462_insert
6463_insert
6464_insert
6465_insert
6466_insert
6467_insert
6468_insert
6469_insert
6470_insert
6471_insert
6472_insert
6473_insert
6474_insert
6475_insert
6476_insert
6477_insert
6478_insert
6479_insert
6480_insert
6481_insert
6482_insert
6483_insert
6484_insert
6485_insert
6486_insert
6487_insert
6488_insert
6489_insert
6490_insert
6491_insert
6492_insert
6493_insert
6494_insert
6495_insert
6496_insert
6497_insert
6498_insert
6499_insert
6500_insert
6501_insert
6502_insert
6503_insert
6504_insert
6505_insert
6506_insert
6507_insert
6508_insert
6509_insert
6510_insert
6511_insert
6512_insert
6513_insert
6514_insert
6515_insert
6516_insert
6517_insert
6518_insert
6519_insert
6520_insert
6521_insert
6522_insert
6523_insert
6524_insert
6525_insert
6526_insert
6527_insert
6528_insert
6529_insert
6530_insert
6531_insert
6532_insert
6533_insert
6534_insert
6535_insert
6536_insert
6537_insert
6538_insert
6539_insert
6540_insert
6541_insert
6542_insert
6543_insert
6544_insert
6545_insert
6546_insert
6547_insert
6548_insert
6549_insert
6550_insert
6551_insert
6552_insert
6553_insert
6554_insert
6555_insert
6556_insert
6557_insert
6558_insert
6559_insert
6560_insert
6561_insert
6562_insert
6563_insert
6564_insert
6565_insert
6566_insert
6567_insert
6568_insert
6569_insert
6570_insert
6571_insert
6572_insert
6573_insert
6574_insert
6575_insert
6576_insert
6577_insert
6578_insert
6579_insert
6580_insert
6581_insert
6582_insert
6583_insert
6584_insert
6585_insert
6586_insert
6587_insert
6588_insert
6589_insert
6590_insert
6591_insert
6592_insert
6593_insert
6594_insert
6595_insert
6596_insert
6597_insert
6598_insert
6599_insert
6600_insert
6601_insert
6602_insert
6603_insert
6604_insert
6605_insert
6606_insert
6607_insert
6608_insert
6609_insert
6610_insert
6611_insert
6612_insert
6613_insert
6614_insert
6615_insert
6616_insert
6617_insert
6618_insert
6619_insert
6620_insert
6621_insert
6622_insert
6623_insert
6624_insert
6625_insert
6626_insert
6627_insert
6628_insert
6629_insert
6630_insert
6631_insert
6632_insert
6633_insert
6634_insert
6635_insert
6636_insert
6637_insert
6638_insert
6639_insert
6640_insert
6641_insert
6642_insert
6643_insert
6644_insert
6645_insert
6646_insert
6647_insert
6648_insert
6649_insert
6650_insert
6651_insert
6652_insert
6653_insert
6654_insert
6655_insert
6656_insert
6657_insert
6658_insert
6659_insert
6660_insert
6661_insert
6662_insert
6663_insert
6664_insert
6665_insert
6666_insert
6667_insert
6668_insert
6669_insert
6670_insert
6671_insert
6672_insert
6673_insert
6674_insert
6675_insert
6676_insert
6677_insert
6678_insert
6679_insert
6680_insert
6681_insert
6682_insert
6683_insert
6684_insert
6685_insert
6686_insert
6687_insert
6688_insert
6689_insert
6690_insert
6691_insert
6692_insert
6693_insert
6694_insert
6695_insert
6696_insert
6697_insert
6698_insert
6699_insert
6700_insert
6701_insert
6702_insert
6703_insert
6704_insert
6705_insert
6706_insert
6707_insert
6708_insert
6709_insert
6710_insert
6711_insert
6712_insert
6713_insert
6714_insert
6715_insert
6716_insert
6717_insert
6718_insert
6719_insert
6720_insert
6721_insert
6722_insert
6723_insert
6724_insert
6725_insert
6726_insert
6727_insert
6728_insert
6729_insert
6730_insert
6731_insert
6732_insert
6733_insert
6734_insert
6735_insert
6736_insert
6737_insert
6738_insert
6739_insert
6740_insert
6741_insert
6742_insert
6743_insert
6744_insert
6745_insert
6746_insert
6747_insert
6748_insert
6749_insert
6750_insert
6751_insert
6752_insert
6753_insert
6754_insert
6755_insert
6756_insert
6757_insert
6758_insert
6759_insert
6760_insert
6761_insert
6762_insert
6763_insert
6764_insert
6765_insert
6766_insert
6767_insert
6768_insert
6769_insert
6770_insert
6771_insert
6772_insert
6773_insert
6774_insert
6775_insert
6776_insert
6777_insert
6778_insert
6779_insert
6780_insert
6781_insert
6782_insert
6783_insert
6784_insert
6785_insert
6786_insert
6787_insert
6788_insert
6789_insert
6790_insert
6791_insert
6792_insert
6793_insert
6794_insert
6795_insert
6796_insert
6797_insert
6798_insert
6799_insert
6800_insert
6801_insert
6802_insert
6803_insert
6804_insert
6805_insert
6806_insert
6807_insert
6808_insert
6809_insert
6810_insert
6811_insert
6812_insert
6813_insert
6814_insert
6815_insert
6816_insert
6817_insert
6818_insert
6819_insert
6820_insert
6821_insert
6822_insert
6823_insert
6824_insert
6825_insert
6826_insert
6827_insert
6828_insert
6829_insert
6830_insert
6831_insert
6832_insert
6833_insert
6834_insert
6835_insert
6836_insert
6837_insert
6838_insert
6839_insert
6840_insert
6841_insert
6842_insert
6843_insert
6844_insert
6845_insert
6846_insert
6847_insert
6848_insert
6849_insert
6850_insert
6851_insert
6852_insert
6853_insert
6854_insert
6855_insert
6856_insert
6857_insert
6858_insert
6859_insert
6860_insert
6861_insert
6862_insert
6863_insert
6864_insert
6865_insert
6866_insert
6867_insert
6868_insert
6869_insert
6870_insert
6871_insert
6872_insert
6873_insert
6874_insert
6875_insert
6876_insert
6877_insert
6878_insert
6879_insert
6880_insert
6881_insert
6882_insert
6883_insert
6884_insert
6885_insert
6886_insert
6887_insert
6888_insert
6889_insert
6890_insert
6891_insert
6892_insert
6893_insert
6894_insert
6895_insert
6896_insert
6897_insert
6898_insert
6899_insert
6900_insert
6901_insert
6902_insert
6903_insert
6904_insert
6905_insert
6906_insert
6907_insert
6908_insert
6909_insert
6910_insert
6911_insert
6912_insert
6913_insert
6914_insert
6915_insert
6916_insert
6917_insert
6918_insert
6919_insert
6920_insert
6921_insert
6922_insert
6923_insert
6924_insert
6925_insert
6926_insert
6927_insert
6928_insert
6929_insert
6930_insert
6931_insert
6932_insert
6933_insert
6934_insert
6935_insert
6936_insert
6937_insert
6938_insert
6939_insert
6940_insert
6941_insert
6942_insert
6943_insert
6944_insert
6945_insert
6946_insert
6947_insert
6948_insert
6949_insert
6950_insert
6951_insert
6952_insert
6953_insert
6954_insert
6955_insert
6956_insert
6957_insert
6958_insert
6959_insert
6960_insert
6961_insert
6962_insert
6963_insert
6964_insert
6965_insert
6966_insert
6967_insert
6968_insert
6969_insert
6970_insert
6971_insert
6972_insert
6973_insert
6974_insert
6975_insert
6976_insert
6977_insert
6978_insert
6979_insert
6980_insert
6981_insert
6982_insert
6983_insert
6984_insert
6985_insert
6986_insert
6987_insert
6988_insert
6989_insert
6990_insert
6991_insert
6992_insert
6993_insert
6994_insert
6995_insert
6996_insert
6997_insert
6998_insert
6999_insert
7000_insert
7001_insert
7002_insert
7003_insert
7004_insert
7005_insert
7006_insert
7007_insert
7008_insert
7009_insert
7010_insert
7011_insert
7012_insert
7013_insert
7014_insert
7015_insert
7016_insert
7017_insert
7018_insert
7019_insert
7020_insert
7021_insert
7022_insert
7023_insert
7024_insert
7025_insert
7026_insert
7027_insert
7028_insert
7029_insert
7030_insert
7031_insert
7032_insert
7033_insert
7034_insert
7035_insert
7036_insert
7037_insert
7038_insert
7039_insert
7040_insert
7041_insert
7042_insert
7043_insert
7044_insert
7045_insert
7046_insert
7047_insert
7048_insert
7049_insert
7050_insert
7051_insert
7052_insert
7053_insert
7054_insert
7055_insert
7056_insert
7057_insert
7058_insert
7059_insert
7060_insert
7061_insert
7062_insert
7063_insert
7064_insert
7065_insert
7066_insert
7067_insert
7068_insert
7069_insert
7070_insert
7071_insert
7072_insert
7073_insert
7074_insert
7075_insert
7076_insert
7077_insert
7078_insert
7079_insert
7080_insert
7081_insert
7082_insert
7083_insert
7084_insert
7085_insert
7086_insert
7087_insert
7088_insert
7089_insert
7090_insert
7091_insert
7092_insert
7093_insert
7094_insert
7095_insert
7096_insert
7097_insert
7098_insert
7099_insert
7100_insert
7101_insert
7102_insert
7103_insert
7104_insert
7105_insert
7106_insert
7107_insert
7108_insert
7109_insert
7110_insert
7111_insert
7112_insert
7113_insert
7114_insert
7115_insert
7116_insert
7117_insert
7118_insert
7119_insert
7120_insert
7121_insert
7122_insert
7123_insert
7124_insert
7125_insert
7126_insert
7127_insert
7128_insert
7129_insert
7130_insert
7131_insert
7132_insert
7133_insert
7134_insert
7135_insert
7136_insert
7137_insert
7138_insert
7139_insert
7140_insert
7141_insert
7142_insert
7143_insert
7144_insert
7145_insert
7146_insert
7147_insert
7148_insert
7149_insert
7150_insert
7151_insert
7152_insert
7153_insert
7154_insert
7155_insert
7156_insert
7157_insert
7158_insert
7159_insert
7160_insert
7161_insert
7162_insert
7163_insert
7164_insert
7165_insert
7166_insert
7167_insert
7168_insert
7169_insert
7170_insert
7171_insert
7172_insert
7173_insert
7174_insert
7175_insert
7176_insert
7177_insert
7178_insert
7179_insert
7180_insert
7181_insert
7182_insert
7183_insert
7184_insert
7185_insert
7186_insert
7187_insert
7188_insert
7189_insert
7190_insert
7191_insert
7192_insert
7193_insert
7194_insert
7195_insert
7196_insert
7197_insert
7198_insert
7199_insert
7200_insert
7201_insert
7202_insert
7203_insert
7204_insert
7205_insert
7206_insert
7207_insert
7208_insert
7209_insert
7210_insert
7211_insert
7212_insert
7213_insert
7214_insert
7215_insert
7216_insert
7217_insert
7218_insert
7219_insert
7220_insert
7221_insert
7222_insert
7223_insert
7224_insert
7225_insert
7226_insert
7227_insert
7228_insert
7229_insert
7230_insert
7231_insert
7232_insert
7233_insert
7234_insert
7235_insert
7236_insert
7237_insert
7238_insert
7239_insert
7240_insert
7241_insert
7242_insert
7243_insert
7244_insert
7245_insert
7246_insert
7247_insert
7248_insert
7249_insert
7250_insert
7251_insert
7252_insert
7253_insert
7254_insert
7255_insert
7256_insert
7257_insert
7258_insert
7259_insert
7260_insert
7261_insert
7262_insert
7263_insert
7264_insert
7265_insert
7266_insert
7267_insert
7268_insert
7269_insert
7270_insert
7271_insert
7272_insert
7273_insert
7274_insert
7275_insert
7276_insert
7277_insert
7278_insert
7279_insert
7280_insert
7281_insert
7282_insert
7283_insert
7284_insert
7285_insert
7286_insert
7287_insert
7288_insert
7289_insert
7290_insert
7291_insert
7292_insert
7293_insert
7294_insert
7295_insert
7296_insert
7297_insert
7298_insert
7299_insert
7300_insert
7301_insert
7302_insert
7303_insert
7304_insert
7305_insert
7306_insert
7307_insert
7308_insert
7309_insert
7310_insert
7311_insert
7312_insert
7313_insert
7314_insert
7315_insert
7316_insert
7317_insert
7318_insert
7319_insert
7320_insert
7321_insert
7322_insert
7323_insert
7324_insert
7325_insert
7326_insert
7327_insert
7328_insert
7329_insert
7330_insert
7331_insert
7332_insert
7333_insert
7334_insert
7335_insert
7336_insert
7337_insert
7338_insert
7339_insert
7340_insert
7341_insert
7342_insert
7343_insert
7344_insert
7345_insert
7346_insert
7347_insert
7348_insert
7349_insert
7350_insert
7351_insert
7352_insert
7353_insert
7354_insert
7355_insert
7356_insert
7357_insert
7358_insert
7359_insert
7360_insert
7361_insert
7362_insert
7363_insert
7364_insert
7365_insert
7366_insert
7367_insert
7368_insert
7369_insert
7370_insert
7371_insert
7372_insert
7373_insert
7374_insert
7375_insert
7376_insert
7377_insert
7378_insert
7379_insert
7380_insert
7381_insert
7382_insert
7383_insert
7384_insert
7385_insert
7386_insert
7387_insert
7388_insert
7389_insert
7390_insert
7391_insert
7392_insert
7393_insert
7394_insert
7395_insert
7396_insert
7397_insert
7398_insert
7399_insert
7400_insert
7401_insert
7402_insert
7403_insert
7404_insert
7405_insert
7406_insert
7407_insert
7408_insert
7409_insert
7410_insert
7411_insert
7412_insert
7413_insert
7414_insert
7415_insert
7416_insert
7417_insert
7418_insert
7419_insert
7420_insert
7421_insert
7422_insert
7423_insert
7424_insert
7425_insert
7426_insert
7427_insert
7428_insert
7429_insert
7430_insert
7431_insert
7432_insert
7433_insert
7434_insert
7435_insert
7436_insert
7437_insert
7438_insert
7439_insert
7440_insert
7441_insert
7442_insert
7443_insert
7444_insert
7445_insert
7446_insert
7447_insert
7448_insert
7449_insert
7450_insert
7451_insert
7452_insert
7453_insert
7454_insert
7455_insert
7456_insert
7457_insert
7458_insert
7459_insert
7460_insert
7461_insert
7462_insert
7463_insert
7464_insert
7465_insert
7466_insert
7467_insert
7468_insert
7469_insert
7470_insert
7471_insert
7472_insert
7473_insert
7474_insert
7475_insert
7476_insert
7477_insert
7478_insert
7479_insert
7480_insert
7481_insert
7482_insert
7483_insert
7484_insert
7485_insert
7486_insert
7487_insert
7488_insert
7489_insert
7490_insert
7491_insert
7492_insert
7493_insert
7494_insert
7495_insert
7496_insert
7497_insert
7498_insert
7499_insert
7500_insert
7501_insert
7502_insert
7503_insert
7504_insert
7505_insert
7506_insert
7507_insert
7508_insert
7509_insert
7510_insert
7511_insert
7512_insert
7513_insert
7514_insert
7515_insert
7516_insert
7517_insert
7518_insert
7519_insert
7520_insert
7521_insert
7522_insert
7523_insert
7524_insert
7525_insert
7526_insert
7527_insert
7528_insert
7529_insert
7530_insert
7531_insert
7532_insert
7533_insert
7534_insert
7535_insert
7536_insert
7537_insert
7538_insert
7539_insert
7540_insert
7541_insert
7542_insert
7543_insert
7544_insert
7545_insert
7546_insert
7547_insert
7548_insert
7549_insert
7550_insert
7551_insert
7552_insert
7553_insert
7554_insert
7555_insert
7556_insert
7557_insert
7558_insert
7559_insert
7560_insert
7561_insert
7562_insert
7563_insert
7564_insert
7565_insert
7566_insert
7567_insert
7568_insert
7569_insert
7570_insert
7571_insert
7572_insert
7573_insert
7574_insert
7575_insert
7576_insert
7577_insert
7578_insert
7579_insert
7580_insert
7581_insert
7582_insert
7583_insert
7584_insert
7585_insert
7586_insert
7587_insert
7588_insert
7589_insert
7590_insert
7591_insert
7592_insert
7593_insert
7594_insert
7595_insert
7596_insert
7597_insert
7598_insert
7599_insert
7600_insert
7601_insert
7602_insert
7603_insert
7604_insert
7605_insert
7606_insert
7607_insert
7608_insert
7609_insert
7610_insert
7611_insert
7612_insert
7613_insert
7614_insert
7615_insert
7616_insert
7617_insert
7618_insert
7619_insert
7620_insert
7621_insert
7622_insert
7623_insert
7624_insert
7625_insert
7626_insert
7627_insert
7628_insert
7629_insert
7630_insert
7631_insert
7632_insert
7633_insert
7634_insert
7635_insert
7636_insert
7637_insert
7638_insert
7639_insert
7640_insert
7641_insert
7642_insert
7643_insert
7644_insert
7645_insert
7646_insert
7647_insert
7648_insert
7649_insert
7650_insert
7651_insert
7652_insert
7653_insert
7654_insert
7655_insert
7656_insert
7657_insert
7658_insert
7659_insert
7660_insert
7661_insert
7662_insert
7663_insert
7664_insert
7665_insert
7666_insert
7667_insert
7668_insert
7669_insert
7670_insert
7671_insert
7672_insert
7673_insert
7674_insert
7675_insert
7676_insert
7677_insert
7678_insert
7679_insert
7680_insert
7681_insert
7682_insert
7683_insert
7684_insert
7685_insert
7686_insert
7687_insert
7688_insert
7689_insert
7690_insert
7691_insert
7692_insert
7693_insert
7694_insert
7695_insert
7696_insert
7697_insert
7698_insert
7699_insert
7700_insert
7701_insert
7702_insert
7703_insert
7704_insert
7705_insert
7706_insert
7707_insert
7708_insert
7709_insert
7710_insert
7711_insert
7712_insert
7713_insert
7714_insert
7715_insert
7716_insert
7717_insert
7718_insert
7719_insert
7720_insert
7721_insert
7722_insert
7723_insert
7724_insert
7725_insert
7726_insert
7727_insert
7728_insert
7729_insert
7730_insert
7731_insert
7732_insert
7733_insert
7734_insert
7735_insert
7736_insert
7737_insert
7738_insert
7739_insert
7740_insert
7741_insert
7742_insert
7743_insert
7744_insert
7745_insert
7746_insert
7747_insert
7748_insert
7749_insert
7750_insert
7751_insert
7752_insert
7753_insert
7754_insert
7755_insert
7756_insert
7757_insert
7758_insert
7759_insert
7760_insert
7761_insert
7762_insert
7763_insert
7764_insert
7765_insert
7766_insert
7767_insert
7768_insert
7769_insert
7770_insert
7771_insert
7772_insert
7773_insert
7774_insert
7775_insert
7776_insert
7777_insert
7778_insert
7779_insert
7780_insert
7781_insert
7782_insert
7783_insert
7784_insert
7785_insert
7786_insert
7787_insert
7788_insert
7789_insert
7790_insert
7791_insert
7792_insert
7793_insert
7794_insert
7795_insert
7796_insert
7797_insert
7798_insert
7799_insert
7800_insert
7801_insert
7802_insert
7803_insert
7804_insert
7805_insert
7806_insert
7807_insert
7808_insert
7809_insert
7810_insert
7811_insert
7812_insert
7813_insert
7814_insert
7815_insert
7816_insert
7817_insert
7818_insert
7819_insert
7820_insert
7821_insert
7822_insert
7823_insert
7824_insert
7825_insert
7826_insert
7827_insert
7828_insert
7829_insert
7830_insert
7831_insert
7832_insert
7833_insert
7834_insert
7835_insert
7836_insert
7837_insert
7838_insert
7839_insert
7840_insert
7841_insert
7842_insert
7843_insert
7844_insert
7845_insert
7846_insert
7847_insert
7848_insert
7849_insert
7850_insert
7851_insert
7852_insert
7853_insert
7854_insert
7855_insert
7856_insert
7857_insert
7858_insert
7859_insert
7860_insert
7861_insert
7862_insert
7863_insert
7864_insert
7865_insert
7866_insert
7867_insert
7868_insert
7869_insert
7870_insert
7871_insert
7872_insert
7873_insert
7874_insert
7875_insert
7876_insert
7877_insert
7878_insert
7879_insert
7880_insert
7881_insert
7882_insert
7883_insert
7884_insert
7885_insert
7886_insert
7887_insert
7888_insert
7889_insert
7890_insert
7891_insert
7892_insert
7893_insert
7894_insert
7895_insert
7896_insert
7897_insert
7898_insert
7899_insert
7900_insert
7901_insert
7902_insert
7903_insert
7904_insert
7905_insert
7906_insert
7907_insert
7908_insert
7909_insert
7910_insert
7911_insert
7912_insert
7913_insert
7914_insert
7915_insert
7916_insert
7917_insert
7918_insert
7919_insert
7920_insert
7921_insert
7922_insert
7923_insert
7924_insert
7925_insert
7926_insert
7927_insert
7928_insert
7929_insert
7930_insert
7931_insert
7932_insert
7933_insert
7934_insert
7935_insert
7936_insert
7937_insert
7938_insert
7939_insert
7940_insert
7941_insert
7942_insert
7943_insert
7944_insert
7945_insert
7946_insert
7947_insert
7948_insert
7949_insert
7950_insert
7951_insert
7952_insert
7953_insert
7954_insert
7955_insert
7956_insert
7957_insert
7958_insert
7959_insert
7960_insert
7961_insert
7962_insert
7963_insert
7964_insert
7965_insert
7966_insert
7967_insert
7968_insert
7969_insert
7970_insert
7971_insert
7972_insert
7973_insert
7974_insert
7975_insert
7976_insert
7977_insert
7978_insert
7979_insert
7980_insert
7981_insert
7982_insert
7983_insert
7984_insert
7985_insert
7986_insert
7987_insert
7988_insert
7989_insert
7990_insert
7991_insert
7992_insert
7993_insert
7994_insert
7995_insert
7996_insert
7997_insert
7998_insert
7999_insert
8000_insert
8001_insert
8002_insert
8003_insert
8004_insert
8005_insert
8006_insert
8007_insert
8008_insert
8009_insert
8010_insert
8011_insert
8012_insert
8013_insert
8014_insert
8015_insert
8016_insert
8017_insert
8018_insert
8019_insert
8020_insert
8021_insert
8022_insert
8023_insert
8024_insert
8025_insert
8026_insert
8027_insert
8028_insert
8029_insert
8030_insert
8031_insert
8032_insert
8033_insert
8034_insert
8035_insert
8036_insert
8037_insert
8038_insert
8039_insert
8040_insert
8041_insert
8042_insert
8043_insert
8044_insert
8045_insert
8046_insert
8047_insert
8048_insert
8049_insert
8050_insert
8051_insert
8052_insert
8053_insert
8054_insert
8055_insert
8056_insert
8057_insert
8058_insert
8059_insert
8060_insert
8061_insert
8062_insert
8063_insert
8064_insert
8065_insert
8066_insert
8067_insert
8068_insert
8069_insert
8070_insert
8071_insert
8072_insert
8073_insert
8074_insert
8075_insert
8076_insert
8077_insert
8078_insert
8079_insert
8080_insert
8081_insert
8082_insert
8083_insert
8084_insert
8085_insert
8086_insert
8087_insert
8088_insert
8089_insert
8090_insert
8091_insert
8092_insert
8093_insert
8094_insert
8095_insert
8096_insert
8097_insert
8098_insert
8099_insert
8100_insert
8101_insert
8102_insert
8103_insert
8104_insert
8105_insert
8106_insert
8107_insert
8108_insert
8109_insert
8110_insert
8111_insert
8112_insert
8113_insert
8114_insert
8115_insert
8116_insert
8117_insert
8118_insert
8119_insert
8120_insert
8121_insert
8122_insert
8123_insert
8124_insert
8125_insert
8126_insert
8127_insert
8128_insert
8129_insert
8130_insert
8131_insert
8132_insert
8133_insert
8134_insert
8135_insert
8136_insert
8137_insert
8138_insert
8139_insert
8140_insert
8141_insert
8142_insert
8143_insert
8144_insert
8145_insert
8146_insert
8147_insert
8148_insert
8149_insert
8150_insert
8151_insert
8152_insert
8153_insert
8154_insert
8155_insert
8156_insert
8157_insert
8158_insert
8159_insert
8160_insert
8161_insert
8162_insert
8163_insert
8164_insert
8165_insert
8166_insert
8167_insert
8168_insert
8169_insert
8170_insert
8171_insert
8172_insert
8173_insert
8174_insert
8175_insert
8176_insert
8177_insert
8178_insert
8179_insert
8180_insert
8181_insert
8182_insert
8183_insert
8184_insert
8185_insert
8186_insert
8187_insert
8188_insert
8189_insert
8190_insert
8191_insert
8192_insert
8193_insert
8194_insert
8195_insert
8196_insert
8197_insert
8198_insert
8199_insert
8200_insert
8201_insert
8202_insert
8203_insert
8204_insert
8205_insert
8206_insert
8207_insert
8208_insert
8209_insert
8210_insert
8211_insert
8212_insert
8213_insert
8214_insert
8215_insert
8216_insert
8217_insert
8218_insert
8219_insert
8220_insert
8221_insert
8222_insert
8223_insert
8224_insert
8225_insert
8226_insert
8227_insert
8228_insert
8229_insert
8230_insert
8231_insert
8232_insert
8233_insert
8234_insert
8235_insert
8236_insert
8237_insert
8238_insert
8239_insert
8240_insert
8241_insert
8242_insert
8243_insert
8244_insert
8245_insert
8246_insert
8247_insert
8248_insert
8249_insert
8250_insert
8251_insert
8252_insert
8253_insert
8254_insert
8255_insert
8256_insert
8257_insert
8258_insert
8259_insert
8260_insert
8261_insert
8262_insert
8263_insert
8264_insert
8265_insert
8266_insert
8267_insert
8268_insert
8269_insert
8270_insert
8271_insert
8272_insert
8273_insert
8274_insert
8275_insert
8276_insert
8277_insert
8278_insert
8279_insert
8280_insert
8281_insert
8282_insert
8283_insert
8284_insert
8285_insert
8286_insert
8287_insert
8288_insert
8289_insert
8290_insert
8291_insert
8292_insert
8293_insert
8294_insert
8295_insert
8296_insert
8297_insert
8298_insert
8299_insert
8300_insert
8301_insert
8302_insert
8303_insert
8304_insert
8305_insert
8306_insert
8307_insert
8308_insert
8309_insert
8310_insert
8311_insert
8312_insert
8313_insert
8314_insert
8315_insert
8316_insert
8317_insert
8318_insert
8319_insert
8320_insert
8321_insert
8322_insert
8323_insert
8324_insert
8325_insert
8326_insert
8327_insert
8328_insert
8329_insert
8330_insert
8331_insert
8332_insert
8333_insert
8334_insert
8335_insert
8336_insert
8337_insert
8338_insert
8339_insert
8340_insert
8341_insert
8342_insert
8343_insert
8344_insert
8345_insert
8346_insert
8347_insert
8348_insert
8349_insert
8350_insert
8351_insert
8352_insert
8353_insert
8354_insert
8355_insert
8356_insert
8357_insert
8358_insert
8359_insert
8360_insert
8361_insert
8362_insert
8363_insert
8364_insert
8365_insert
8366_insert
8367_insert
8368_insert
8369_insert
8370_insert
8371_insert
8372_insert
8373_insert
8374_insert
8375_insert
8376_insert
8377_insert
8378_insert
8379_insert
8380_insert
8381_insert
8382_insert
8383_insert
8384_insert
8385_insert
8386_insert
8387_insert
8388_insert
8389_insert
8390_insert
8391_insert
8392_insert
8393_insert
8394_insert
8395_insert
8396_insert
8397_insert
8398_insert
8399_insert
8400_insert
8401_insert
8402_insert
8403_insert
8404_insert
8405_insert
8406_insert
8407_insert
8408_insert
8409_insert
8410_insert
8411_insert
8412_insert
8413_insert
8414_insert
8415_insert
8416_insert
8417_insert
8418_insert
8419_insert
8420_insert
8421_insert
8422_insert
8423_insert
8424_insert
8425_insert
8426_insert
8427_insert
8428_insert
8429_insert
8430_insert
8431_insert
8432_insert
8433_insert
8434_insert
8435_insert
8436_insert
8437_insert
8438_insert
8439_insert
8440_insert
8441_insert
8442_insert
8443_insert
8444_insert
8445_insert
8446_insert
8447_insert
8448_insert
8449_insert
8450_insert
8451_insert
8452_insert
8453_insert
8454_insert
8455_insert
8456_insert
8457_insert
8458_insert
8459_insert
8460_insert
8461_insert
8462_insert
8463_insert
8464_insert
8465_insert
8466_insert
8467_insert
8468_insert
8469_insert
8470_insert
8471_insert
8472_insert
8473_insert
8474_insert
8475_insert
8476_insert
8477_insert
8478_insert
8479_insert
8480_insert
8481_insert
8482_insert
8483_insert
8484_insert
8485_insert
8486_insert
8487_insert
8488_insert
8489_insert
8490_insert
8491_insert
8492_insert
8493_insert
8494_insert
8495_insert
8496_insert
8497_insert
8498_insert
8499_insert
8500_insert
8501_insert
8502_insert
8503_insert
8504_insert
8505_insert
8506_insert
8507_insert
8508_insert
8509_insert
8510_insert
8511_insert
8512_insert
8513_insert
8514_insert
8515_insert
8516_insert
8517_insert
8518_insert
8519_insert
8520_insert
8521_insert
8522_insert
8523_insert
8524_insert
8525_insert
8526_insert
8527_insert
8528_insert
8529_insert
8530_insert
8531_insert
8532_insert
8533_insert
8534_insert
8535_insert
8536_insert
8537_insert
8538_insert
8539_insert
8540_insert
8541_insert
8542_insert
8543_insert
8544_insert
8545_insert
8546_insert
8547_insert
8548_insert
8549_insert
8550_insert
8551_insert
8552_insert
8553_insert
8554_insert
8555_insert
8556_insert
8557_insert
8558_insert
8559_insert
8560_insert
8561_insert
8562_insert
8563_insert
8564_insert
8565_insert
8566_insert
8567_insert
8568_insert
8569_insert
8570_insert
8571_insert
8572_insert
8573_insert
8574_insert
8575_insert
8576_insert
8577_insert
8578_insert
8579_insert
8580_insert
8581_insert
8582_insert
8583_insert
8584_insert
8585_insert
8586_insert
8587_insert
8588_insert
8589_insert
8590_insert
8591_insert
8592_insert
8593_insert
8594_insert
8595_insert
8596_insert
8597_insert
8598_insert
8599_insert
8600_insert
8601_insert
8602_insert
8603_insert
8604_insert
8605_insert
8606_insert
8607_insert
8608_insert
8609_insert
8610_insert
8611_insert
8612_insert
8613_insert
8614_insert
8615_insert
8616_insert
8617_insert
8618_insert
8619_insert
8620_insert
8621_insert
8622_insert
8623_insert
8624_insert
8625_insert
8626_insert
8627_insert
8628_insert
8629_insert
8630_insert
8631_insert
8632_insert
8633_insert
8634_insert
8635_insert
8636_insert
8637_insert
8638_insert
8639_insert
8640_insert
8641_insert
8642_insert
8643_insert
8644_insert
8645_insert
8646_insert
8647_insert
8648_insert
8649_insert
8650_insert
8651_insert
8652_insert
8653_insert
8654_insert
8655_insert
8656_insert
8657_insert
8658_insert
8659_insert
8660_insert
8661_insert
8662_insert
8663_insert
8664_insert
8665_insert
8666_insert
8667_insert
8668_insert
8669_insert
8670_insert
8671_insert
8672_insert
8673_insert
8674_insert
8675_insert
8676_insert
8677_insert
8678_insert
8679_insert
8680_insert
8681_insert
8682_insert
8683_insert
8684_insert
8685_insert
8686_insert
8687_insert
8688_insert
8689_insert
8690_insert
8691_insert
8692_insert
8693_insert
8694_insert
8695_insert
8696_insert
8697_insert
8698_insert
8699_insert
8700_insert
8701_insert
8702_insert
8703_insert
8704_insert
8705_insert
8706_insert
8707_insert
8708_insert
8709_insert
8710_insert
8711_insert
8712_insert
8713_insert
8714_insert
8715_insert
8716_insert
8717_insert
8718_insert
8719_insert
8720_insert
8721_insert
8722_insert
8723_insert
8724_insert
8725_insert
8726_insert
8727_insert
8728_insert
8729_insert
8730_insert
8731_insert
8732_insert
8733_insert
8734_insert
8735_insert
8736_insert
8737_insert
8738_insert
8739_insert
8740_insert
8741_insert
8742_insert
8743_insert
8744_insert
8745_insert
8746_insert
8747_insert
8748_insert
8749_insert
8750_insert
8751_insert
8752_insert
8753_insert
8754_insert
8755_insert
8756_insert
8757_insert
8758_insert
8759_insert
8760_insert
8761_insert
8762_insert
8763_insert
8764_insert
8765_insert
8766_insert
8767_insert
8768_insert
8769_insert
8770_insert
8771_insert
8772_insert
8773_insert
8774_insert
8775_insert
8776_insert
8777_insert
8778_insert
8779_insert
8780_insert
8781_insert
8782_insert
8783_insert
8784_insert
8785_insert
8786_insert
8787_insert
8788_insert
8789_insert
8790_insert
8791_insert
8792_insert
8793_insert
8794_insert
8795_insert
8796_insert
8797_insert
8798_insert
8799_insert
8800_insert
8801_insert
8802_insert
8803_insert
8804_insert
8805_insert
8806_insert
8807_insert
8808_insert
8809_insert
8810_insert
8811_insert
8812_insert
8813_insert
8814_insert
8815_insert
8816_insert
8817_insert
8818_insert
8819_insert
8820_insert
8821_insert
8822_insert
8823_insert
8824_insert
8825_insert
8826_insert
8827_insert
8828_insert
8829_insert
8830_insert
8831_insert
8832_insert
8833_insert
8834_insert
8835_insert
8836_insert
8837_insert
8838_insert
8839_insert
8840_insert
8841_insert
8842_insert
8843_insert
8844_insert
8845_insert
8846_insert
8847_insert
8848_insert
8849_insert
8850_insert
8851_insert
8852_insert
8853_insert
8854_insert
8855_insert
8856_insert
8857_insert
8858_insert
8859_insert
8860_insert
8861_insert
8862_insert
8863_insert
8864_insert
8865_insert
8866_insert
8867_insert
8868_insert
8869_insert
8870_insert
8871_insert
8872_insert
8873_insert
8874_insert
8875_insert
8876_insert
8877_insert
8878_insert
8879_insert
8880_insert
8881_insert
8882_insert
8883_insert
8884_insert
8885_insert
8886_insert
8887_insert
8888_insert
8889_insert
8890_insert
8891_insert
8892_insert
8893_insert
8894_insert
8895_insert
8896_insert
8897_insert
8898_insert
8899_insert
8900_insert
8901_insert
8902_insert
8903_insert
8904_insert
8905_insert
8906_insert
8907_insert
8908_insert
8909_insert
8910_insert
8911_insert
8912_insert
8913_insert
8914_insert
8915_insert
8916_insert
8917_insert
8918_insert
8919_insert
8920_insert
8921_insert
8922_insert
8923_insert
8924_insert
8925_insert
8926_insert
8927_insert
8928_insert
8929_insert
8930_insert
8931_insert
8932_insert
8933_insert
8934_insert
8935_insert
8936_insert
8937_insert
8938_insert
8939_insert
8940_insert
8941_insert
8942_insert
8943_insert
8944_insert
8945_insert
8946_insert
8947_insert
8948_insert
8949_insert
8950_insert
8951_insert
8952_insert
8953_insert
8954_insert
8955_insert
8956_insert
8957_insert
8958_insert
8959_insert
8960_insert
8961_insert
8962_insert
8963_insert
8964_insert
8965_insert
8966_insert
8967_insert
8968_insert
8969_insert
8970_insert
8971_insert
8972_insert
8973_insert
8974_insert
8975_insert
8976_insert
8977_insert
8978_insert
8979_insert
8980_insert
8981_insert
8982_insert
8983_insert
8984_insert
8985_insert
8986_insert
8987_insert
8988_insert
8989_insert
8990_insert
8991_insert
8992_insert
8993_insert
8994_insert
8995_insert
8996_insert
8997_insert
8998_insert
8999_insert
9000_insert
9001_insert
9002_insert
9003_insert
9004_insert
9005_insert
9006_insert
9007_insert
9008_insert
9009_insert
9010_insert
9011_insert
9012_insert
9013_insert
9014_insert
9015_insert
9016_insert
9017_insert
9018_insert
9019_insert
9020_insert
9021_insert
9022_insert
9023_insert
9024_insert
9025_insert
9026_insert
9027_insert
9028_insert
9029_insert
9030_insert
9031_insert
9032_insert
9033_insert
9034_insert
9035_insert
9036_insert
9037_insert
9038_insert
9039_insert
9040_insert
9041_insert
9042_insert
9043_insert
9044_insert
9045_insert
9046_insert
9047_insert
9048_insert
9049_insert
9050_insert
9051_insert
9052_insert
9053_insert
9054_insert
9055_insert
9056_insert
9057_insert
9058_insert
9059_insert
9060_insert
9061_insert
9062_insert
9063_insert
9064_insert
9065_insert
9066_insert
9067_insert
9068_insert
9069_insert
9070_insert
9071_insert
9072_insert
9073_insert
9074_insert
9075_insert
9076_insert
9077_insert
9078_insert
9079_insert
9080_insert
9081_insert
9082_insert
9083_insert
9084_insert
9085_insert
9086_insert
9087_insert
9088_insert
9089_insert
9090_insert
9091_insert
9092_insert
9093_insert
9094_insert
9095_insert
9096_insert
9097_insert
9098_insert
9099_insert
9100_insert
9101_insert
9102_insert
9103_insert
9104_insert
9105_insert
9106_insert
9107_insert
9108_insert
9109_insert
9110_insert
9111_insert
9112_insert
9113_insert
9114_insert
9115_insert
9116_insert
9117_insert
9118_insert
9119_insert
9120_insert
9121_insert
9122_insert
9123_insert
9124_insert
9125_insert
9126_insert
9127_insert
9128_insert
9129_insert
9130_insert
9131_insert
9132_insert
9133_insert
9134_insert
9135_insert
9136_insert
9137_insert
9138_insert
9139_insert
9140_insert
9141_insert
9142_insert
9143_insert
9144_insert
9145_insert
9146_insert
9147_insert
9148_insert
9149_insert
9150_insert
9151_insert
9152_insert
9153_insert
9154_insert
9155_insert
9156_insert
9157_insert
9158_insert
9159_insert
9160_insert
9161_insert
9162_insert
9163_insert
9164_insert
9165_insert
9166_insert
9167_insert
9168_insert
9169_insert
9170_insert
9171_insert
9172_insert
9173_insert
9174_insert
9175_insert
9176_insert
9177_insert
9178_insert
9179_insert
9180_insert
9181_insert
9182_insert
9183_insert
9184_insert
9185_insert
9186_insert
9187_insert
9188_insert
9189_insert
9190_insert
9191_insert
9192_insert
9193_insert
9194_insert
9195_insert
9196_insert
9197_insert
9198_insert
9199_insert
9200_insert
9201_insert
9202_insert
9203_insert
9204_insert
9205_insert
9206_insert
9207_insert
9208_insert
9209_insert
9210_insert
9211_insert
9212_insert
9213_insert
9214_insert
9215_insert
9216_insert
9217_insert
9218_insert
9219_insert
9220_insert
9221_insert
9222_insert
9223_insert
9224_insert
9225_insert
9226_insert
9227_insert
9228_insert
9229_insert
9230_insert
9231_insert
9232_insert
9233_insert
9234_insert
9235_insert
9236_insert
9237_insert
9238_insert
9239_insert
9240_insert
9241_insert
9242_insert
9243_insert
9244_insert
9245_insert
9246_insert
9247_insert
9248_insert
9249_insert
9250_insert
9251_insert
9252_insert
9253_insert
9254_insert
9255_insert
9256_insert
9257_insert
9258_insert
9259_insert
9260_insert
9261_insert
9262_insert
9263_insert
9264_insert
9265_insert
9266_insert
9267_insert
9268_insert
9269_insert
9270_insert
9271_insert
9272_insert
9273_insert
9274_insert
9275_insert
9276_insert
9277_insert
9278_insert
9279_insert
9280_insert
9281_insert
9282_insert
9283_insert
9284_insert
9285_insert
9286_insert
9287_insert
9288_insert
9289_insert
9290_insert
9291_insert
9292_insert
9293_insert
9294_insert
9295_insert
9296_insert
9297_insert
9298_insert
9299_insert
9300_insert
9301_insert
9302_insert
9303_insert
9304_insert
9305_insert
9306_insert
9307_insert
9308_insert
9309_insert
9310_insert
9311_insert
9312_insert
9313_insert
9314_insert
9315_insert
9316_insert
9317_insert
9318_insert
9319_insert
9320_insert
9321_insert
9322_insert
9323_insert
9324_insert
9325_insert
9326_insert
9327_insert
9328_insert
9329_insert
9330_insert
9331_insert
9332_insert
9333_insert
9334_insert
9335_insert
9336_insert
9337_insert
9338_insert
9339_insert
9340_insert
9341_insert
9342_insert
9343_insert
9344_insert
9345_insert
9346_insert
9347_insert
9348_insert
9349_insert
9350_insert
9351_insert
9352_insert
9353_insert
9354_insert
9355_insert
9356_insert
9357_insert
9358_insert
9359_insert
9360_insert
9361_insert
9362_insert
9363_insert
9364_insert
9365_insert
9366_insert
9367_insert
9368_insert
9369_insert
9370_insert
9371_insert
9372_insert
9373_insert
9374_insert
9375_insert
9376_insert
9377_insert
9378_insert
9379_insert
9380_insert
9381_insert
9382_insert
9383_insert
9384_insert
9385_insert
9386_insert
9387_insert
9388_insert
9389_insert
9390_insert
9391_insert
9392_insert
9393_insert
9394_insert
9395_insert
9396_insert
9397_insert
9398_insert
9399_insert
9400_insert
9401_insert
9402_insert
9403_insert
9404_insert
9405_insert
9406_insert
9407_insert
9408_insert
9409_insert
9410_insert
9411_insert
9412_insert
9413_insert
9414_insert
9415_insert
9416_insert
9417_insert
9418_insert
9419_insert
9420_insert
9421_insert
9422_insert
9423_insert
9424_insert
9425_insert
9426_insert
9427_insert
9428_insert
9429_insert
9430_insert
9431_insert
9432_insert
9433_insert
9434_insert
9435_insert
9436_insert
9437_insert
9438_insert
9439_insert
9440_insert
9441_insert
9442_insert
9443_insert
9444_insert
9445_insert
9446_insert
9447_insert
9448_insert
9449_insert
9450_insert
9451_insert
9452_insert
9453_insert
9454_insert
9455_insert
9456_insert
9457_insert
9458_insert
9459_insert
9460_insert
9461_insert
9462_insert
9463_insert
9464_insert
9465_insert
9466_insert
9467_insert
9468_insert
9469_insert
9470_insert
9471_insert
9472_insert
9473_insert
9474_insert
9475_insert
9476_insert
9477_insert
9478_insert
9479_insert
9480_insert
9481_insert
9482_insert
9483_insert
9484_insert
9485_insert
9486_insert
9487_insert
9488_insert
9489_insert
9490_insert
9491_insert
9492_insert
9493_insert
9494_insert
9495_insert
9496_insert
9497_insert
9498_insert
9499_insert
9500_insert
9501_insert
9502_insert
9503_insert
9504_insert
9505_insert
9506_insert
9507_insert
9508_insert
9509_insert
9510_insert
9511_insert
9512_insert
9513_insert
9514_insert
9515_insert
9516_insert
9517_insert
9518_insert
9519_insert
9520_insert
9521_insert
9522_insert
9523_insert
9524_insert
9525_insert
9526_insert
9527_insert
9528_insert
9529_insert
9530_insert
9531_insert
9532_insert
9533_insert
9534_insert
9535_insert
9536_insert
9537_insert
9538_insert
9539_insert
9540_insert
9541_insert
9542_insert
9543_insert
9544_insert
9545_insert
9546_insert
9547_insert
9548_insert
9549_insert
9550_insert
9551_insert
9552_insert
9553_insert
9554_insert
9555_insert
9556_insert
9557_insert
9558_insert
9559_insert
9560_insert
9561_insert
9562_insert
9563_insert
9564_insert
9565_insert
9566_insert
9567_insert
9568_insert
9569_insert
9570_insert
9571_insert
9572_insert
9573_insert
9574_insert
9575_insert
9576_insert
9577_insert
9578_insert
9579_insert
9580_insert
9581_insert
9582_insert
9583_insert
9584_insert
9585_insert
9586_insert
9587_insert
9588_insert
9589_insert
9590_insert
9591_insert
9592_insert
9593_insert
9594_insert
9595_insert
9596_insert
9597_insert
9598_insert
9599_insert
9600_insert
9601_insert
9602_insert
9603_insert
9604_insert
9605_insert
9606_insert
9607_insert
9608_insert
9609_insert
9610_insert
9611_insert
9612_insert
9613_insert
9614_insert
9615_insert
9616_insert
9617_insert
9618_insert
9619_insert
9620_insert
9621_insert
9622_insert
9623_insert
9624_insert
9625_insert
9626_insert
9627_insert
9628_insert
9629_insert
9630_insert
9631_insert
9632_insert
9633_insert
9634_insert
9635_insert
9636_insert
9637_insert
9638_insert
9639_insert
9640_insert
9641_insert
9642_insert
9643_insert
9644_insert
9645_insert
9646_insert
9647_insert
9648_insert
9649_insert
9650_insert
9651_insert
9652_insert
9653_insert
9654_insert
9655_insert
9656_insert
9657_insert
9658_insert
9659_insert
9660_insert
9661_insert
9662_insert
9663_insert
9664_insert
9665_insert
9666_insert
9667_insert
9668_insert
9669_insert
9670_insert
9671_insert
9672_insert
9673_insert
9674_insert
9675_insert
9676_insert
9677_insert
9678_insert
9679_insert
9680_insert
9681_insert
9682_insert
9683_insert
9684_insert
9685_insert
9686_insert
9687_insert
9688_insert
9689_insert
9690_insert
9691_insert
9692_insert
9693_insert
9694_insert
9695_insert
9696_insert
9697_insert
9698_insert
9699_insert
9700_insert
9701_insert
9702_insert
9703_insert
9704_insert
9705_insert
9706_insert
9707_insert
9708_insert
9709_insert
9710_insert
9711_insert
9712_insert
9713_insert
9714_insert
9715_insert
9716_insert
9717_insert
9718_insert
9719_insert
9720_insert
9721_insert
9722_insert
9723_insert
9724_insert
9725_insert
9726_insert
9727_insert
9728_insert
9729_insert
9730_insert
9731_insert
9732_insert
9733_insert
9734_insert
9735_insert
9736_insert
9737_insert
9738_insert
9739_insert
9740_insert
9741_insert
9742_insert
9743_insert
9744_insert
9745_insert
9746_insert
9747_insert
9748_insert
9749_insert
9750_insert
9751_insert
9752_insert
9753_insert
9754_insert
9755_insert
9756_insert
9757_insert
9758_insert
9759_insert
9760_insert
9761_insert
9762_insert
9763_insert
9764_insert
9765_insert
9766_insert
9767_insert
9768_insert
9769_insert
9770_insert
9771_insert
9772_insert
9773_insert
9774_insert
9775_insert
9776_insert
9777_insert
9778_insert
9779_insert
9780_insert
9781_insert
9782_insert
9783_insert
9784_insert
9785_insert
9786_insert
9787_insert
9788_insert
9789_insert
9790_insert
9791_insert
9792_insert
9793_insert
9794_insert
9795_insert
9796_insert
9797_insert
9798_insert
9799_insert
9800_insert
9801_insert
9802_insert
9803_insert
9804_insert
9805_insert
9806_insert
9807_insert
9808_insert
9809_insert
9810_insert
9811_insert
9812_insert
9813_insert
9814_insert
9815_insert
9816_insert
9817_insert
9818_insert
9819_insert
9820_insert
9821_insert
9822_insert
9823_insert
9824_insert
9825_insert
9826_insert
9827_insert
9828_insert
9829_insert
9830_insert
9831_insert
9832_insert
9833_insert
9834_insert
9835_insert
9836_insert
9837_insert
9838_insert
9839_insert
9840_insert
9841_insert
9842_insert
9843_insert
9844_insert
9845_insert
9846_insert
9847_insert
9848_insert
9849_insert
9850_insert
9851_insert
9852_insert
9853_insert
9854_insert
9855_insert
9856_insert
9857_insert
9858_insert
9859_insert
9860_insert
9861_insert
9862_insert
9863_insert
9864_insert
9865_insert
9866_insert
9867_insert
9868_insert
9869_insert
9870_insert
9871_insert
9872_insert
9873_insert
9874_insert
9875_insert
9876_insert
9877_insert
9878_insert
9879_insert
9880_insert
9881_insert
9882_insert
9883_insert
9884_insert
9885_insert
9886_insert
9887_insert
9888_insert
9889_insert
9890_insert
9891_insert
9892_insert
9893_insert
9894_insert
9895_insert
9896_insert
9897_insert
9898_insert
9899_insert
9900_insert
9901_insert
9902_insert
9903_insert
9904_insert
9905_insert
9906_insert
9907_insert
9908_insert
9909_insert
9910_insert
9911_insert
9912_insert
9913_insert
9914_insert
9915_insert
9916_insert
9917_insert
9918_insert
9919_insert
9920_insert
9921_insert
9922_insert
9923_insert
9924_insert
9925_insert
9926_insert
9927_insert
9928_insert
9929_insert
9930_insert
9931_insert
9932_insert
9933_insert
9934_insert
9935_insert
9936_insert
9937_insert
9938_insert
9939_insert
9940_insert
9941_insert
9942_insert
9943_insert
9944_insert
9945_insert
9946_insert
9947_insert
9948_insert
9949_insert
9950_insert
9951_insert
9952_insert
9953_insert
9954_insert
9955_insert
9956_insert
9957_insert
9958_insert
9959_insert
9960_insert
9961_insert
9962_insert
9963_insert
9964_insert
9965_insert
9966_insert
9967_insert
9968_insert
9969_insert
9970_insert
9971_insert
9972_insert
9973_insert
9974_insert
9975_insert
9976_insert
9977_insert
9978_insert
9979_insert
9980_insert
9981_insert
9982_insert
9983_insert
9984_insert
9985_insert
9986_insert
9987_insert
9988_insert
9989_insert
9990_insert
9991_insert
9992_insert
9993_insert
9994_insert
9995_insert
9996_insert
9997_insert
9998_insert
9999_insert
10000_insert
10001_insert
10002_insert
10003_insert
10004_insert
10005_insert
10006_insert
10007_insert
10008_insert
10009_insert
10010_insert
10011_insert
10012_insert
10013_insert
10014_insert
10015_insert
10016_insert
10017_insert
10018_insert
10019_insert
10020_insert
10021_insert
10022_insert
10023_insert
10024_insert
10025_insert
10026_insert
10027_insert
10028_insert
10029_insert
10030_insert
10031_insert
10032_insert
10033_insert
10034_insert
10035_insert
10036_insert
10037_insert
10038_insert
10039_insert
10040_insert
10041_insert
10042_insert
10043_insert
10044_insert
10045_insert
10046_insert
10047_insert
10048_insert
10049_insert
10050_insert
10051_insert
10052_insert
10053_insert
10054_insert
10055_insert
10056_insert
10057_insert
10058_insert
10059_insert
10060_insert
10061_insert
10062_insert
10063_insert
10064_insert
10065_insert
10066_insert
10067_insert
10068_insert
10069_insert
10070_insert
10071_insert
10072_insert
10073_insert
10074_insert
10075_insert
10076_insert
10077_insert
10078_insert
10079_insert
10080_insert
10081_insert
10082_insert
10083_insert
10084_insert
10085_insert
10086_insert
10087_insert
10088_insert
10089_insert
10090_insert
10091_insert
10092_insert
10093_insert
10094_insert
10095_insert
10096_insert
10097_insert
10098_insert
10099_insert
10100_insert
10101_insert
10102_insert
10103_insert
10104_insert
10105_insert
10106_insert
10107_insert
10108_insert
10109_insert
10110_insert
10111_insert
10112_insert
10113_insert
10114_insert
10115_insert
10116_insert
10117_insert
10118_insert
10119_insert
10120_insert
10121_insert
10122_insert
10123_insert
10124_insert
10125_insert
10126_insert
10127_insert
10128_insert
10129_insert
10130_insert
10131_insert
10132_insert
10133_insert
10134_insert
10135_insert
10136_insert
10137_insert
10138_insert
10139_insert
10140_insert
10141_insert
10142_insert
10143_insert
10144_insert
10145_insert
10146_insert
10147_insert
10148_insert
10149_insert
10150_insert
10151_insert
10152_insert
10153_insert
10154_insert
10155_insert
10156_insert
10157_insert
10158_insert
10159_insert
10160_insert
10161_insert
10162_insert
10163_insert
10164_insert
10165_insert
10166_insert
10167_insert
10168_insert
10169_insert
10170_insert
10171_insert
10172_insert
10173_insert
10174_insert
10175_insert
10176_insert
10177_insert
10178_insert
10179_insert
10180_insert
10181_insert
10182_insert
10183_insert
10184_insert
10185_insert
10186_insert
10187_insert
10188_insert
10189_insert
10190_insert
10191_insert
10192_insert
10193_insert
10194_insert
10195_insert
10196_insert
10197_insert
10198_insert
10199_insert
10200_insert
10201_insert
10202_insert
10203_insert
10204_insert
10205_insert
10206_insert
10207_insert
10208_insert
10209_insert
10210_insert
10211_insert
10212_insert
10213_insert
10214_insert
10215_insert
10216_insert
10217_insert
10218_insert
10219_insert
10220_insert
10221_insert
10222_insert
10223_insert
10224_insert
10225_insert
10226_insert
10227_insert
10228_insert
10229_insert
10230_insert
10231_insert
10232_insert
10233_insert
10234_insert
10235_insert
10236_insert
10237_insert
10238_insert
10239_insert
10240_insert
10241_insert
10242_insert
10243_insert
10244_insert
10245_insert
10246_insert
10247_insert
10248_insert
10249_insert
10250_insert
10251_insert
10252_insert
10253_insert
10254_insert
10255_insert
10256_insert
10257_insert
10258_insert
10259_insert
10260_insert
10261_insert
10262_insert
10263_insert
10264_insert
10265_insert
10266_insert
10267_insert
10268_insert
10269_insert
10270_insert
10271_insert
10272_insert
10273_insert
10274_insert
10275_insert
10276_insert
10277_insert
10278_insert
10279_insert
10280_insert
10281_insert
10282_insert
10283_insert
10284_insert
10285_insert
10286_insert
10287_insert
10288_insert
10289_insert
10290_insert
10291_insert
10292_insert
10293_insert
10294_insert
10295_insert
10296_insert
10297_insert
10298_insert
10299_insert
10300_insert
10301_insert
10302_insert
10303_insert
10304_insert
10305_insert
10306_insert
10307_insert
10308_insert
10309_insert
10310_insert
10311_insert
10312_insert
10313_insert
10314_insert
10315_insert
10316_insert
10317_insert
10318_insert
10319_insert
10320_insert
10321_insert
10322_insert
10323_insert
10324_insert
10325_insert
10326_insert
10327_insert
10328_insert
10329_insert
10330_insert
10331_insert
10332_insert
10333_insert
10334_insert
10335_insert
